HMM [a=[0.5955885497649402,0.2481618957353918,0.156249554499668,0.3474266541700429,0.4963237916714898,0.1562495541584673,0.1418897867064826,0.3121575307542618,0.5459526825392556,], pi=[0.696559681064491,0.19901705173271172,0.10442326720279728,], numStates=3b=[[p=:0.13915653106002004 :0.2287197867713832 :0.6321236821685968 ], [p=:0.13919093635318738 :0.22876586165457727 :0.6320432019922353 ], [p=:0.13919859756968841 :0.228765319707566 :0.6320360827227456 ]]]
HMM [a=[0.595588551391127,0.2481618931737249,0.1562495554351481,0.3474266426401559,0.4963237969973763,0.1562495603624678,0.1418897779524424,0.3121575276648728,0.5459526943826848,], pi=[0.6965970422572996,0.1989953329398508,0.10440762480284962,], numStates=3b=[[p=:0.1391095637668681 :0.22867786551882807 :0.6322125707143038 ], [p=:0.13920771550485234 :0.22878710029001462 :0.6320051842051331 ], [p=:0.13924749006679618 :0.22880035247923286 :0.6319521574539709 ]]]
HMM [a=[0.5955885979852472,0.2481618641154901,0.1562495378992627,0.3474266024695661,0.4963238047472463,0.1562495927831876,0.1418897299486542,0.3121574934857008,0.5459527765656449,], pi=[0.6966995383952996,0.1989409892131284,0.10435947239157196,], numStates=3b=[[p=:0.13900916019467444 :0.22861802413250754 :0.632372815672818 ], [p=:0.13923050389509758 :0.22881347807196697 :0.6319560180329354 ], [p=:0.13936998765860228 :0.22885577544341051 :0.6317742368979872 ]]]
HMM [a=[0.5955888908173885,0.2481617109628843,0.1562493982197272,0.3474264893553989,0.4963237759129238,0.1562497347316773,0.1418894879856059,0.3121572553232982,0.5459532566910958,], pi=[0.6969196193151784,0.19883541671566474,0.1042449639691568,], numStates=3b=[[p=:0.13878844374901142 :0.22853728893189273 :0.6326742673190958 ], [p=:0.1392584371371801 :0.22884634175549304 :0.6318952211073269 ], [p=:0.1396697332856649 :0.2289342933785567 :0.6313959733357783 ]]]
HMM [a=[0.595590358764698,0.248161025159462,0.15624861607584,0.3474261799472061,0.4963234625158948,0.1562503575368991,0.14188824075421,0.3121557872838335,0.5459559719619566,], pi=[0.6973616176894564,0.1986459871109966,0.10399239519954709,], numStates=3b=[[p=:0.13829288183257887 :0.22844201364235903 :0.6332651045250621 ], [p=:0.1392840410944405 :0.228888503807215 :0.6318274550983445 ], [p=:0.14039373973406005 :0.22902230647697885 :0.6305839537889611 ]]]
HMM [a=[0.5955974572811947,0.2481580061212964,0.156244536597509,0.3474253158566483,0.4963214768439675,0.1562532072993842,0.1418816319998262,0.3121471160608891,0.5459712519392848,], pi=[0.6982401320303538,0.19831257991711682,0.1034472880525294,], numStates=3b=[[p=:0.13716242968833314 :0.2283697867363673 :0.6344677835752995 ], [p=:0.13927835954349402 :0.2289479442896086 :0.6317736961668974 ], [p=:0.1421333339094649 :0.22905125957641553 :0.6288154065141196 ]]]
HMM [a=[0.595632615811787,0.2481443011016663,0.1562230830865469,0.3474229953138207,0.4963102441304295,0.1562667605557498,0.1418458174959165,0.3120966047023173,0.5460575778017662,], pi=[0.7000082218262998,0.19771916011885046,0.10227261805484975,], numStates=3b=[[p=:0.1345503627436538 :0.22844875218866278 :0.6370008850676834 ], [p=:0.13913869343638813 :0.22905221743810705 :0.6318090891255048 ], [p=:0.1463259795212113 :0.22878700313106226 :0.6248870173477264 ]]]
HMM [a=[0.5958149081183942,0.2480798649073517,0.1561052269742542,0.3474201001961106,0.4962483020305689,0.1563315977733206,0.1416477254243949,0.3118009707431999,0.5465513038324052,], pi=[0.7036378494327228,0.19663346907421705,0.09972868149306012,], numStates=3b=[[p=:0.12843789785532175 :0.22905552470994509 :0.6425065774347332 ], [p=:0.13847115131759866 :0.2293113987362216 :0.6322174499461797 ], [p=:0.15659346902094956 :0.22750259784504903 :0.6159039331340014 ]]]
HMM [a=[0.5968196856905763,0.2477761837183954,0.1554041305910283,0.3474779670434956,0.4959104080485619,0.1566116249079425,0.1405300487859875,0.3100280342544797,0.5494419169595328,], pi=[0.7112130890438109,0.19458441308281582,0.09420249787337331,], numStates=3b=[[p=:0.11393906124428455 :0.23123148536914867 :0.6548294533865667 ], [p=:0.1355171996780789 :0.23023055595147765 :0.6342522443704435 ], [p=:0.18266341131532463 :0.22293698770610093 :0.5943996009785745 ]]]
HMM [a=[0.6027317859534304,0.246540591703543,0.1507276223430266,0.3486687562208925,0.494288168980274,0.1570430747988335,0.1343645044614849,0.2992661934360354,0.5663693021024798,], pi=[0.7270158091311545,0.1906644517025967,0.08231973916624885,], numStates=3b=[[p=:0.08009685521022622 :0.23751405125807523 :0.6823890935316985 ], [p=:0.12142314650134665 :0.23436086121072908 :0.6442159922879243 ], [p=:0.2512563210379305 :0.20817861658853298 :0.5405650623735365 ]]]
HMM [a=[0.6323240944002371,0.2446981240036396,0.1229777815961233,0.3626344448485469,0.4929635642622687,0.1444019908891844,0.1107980582311226,0.2507397892474836,0.6384621525213938,], pi=[0.7579757218925409,0.18363611407326208,0.05838816403419703,], numStates=3b=[[p=:0.02409686029952095 :0.24858078593997004 :0.727322353760509 ], [p=:0.06733658876672778 :0.2503365778690616 :0.6823268333642106 ], [p=:0.4002931424789313 :0.17250161153967628 :0.4272052459813924 ]]]
HMM [a=[0.694168305350381,0.24795422014532,0.05787747450429902,0.4089486460175777,0.5144922941980283,0.07655905978439403,0.0721497200483809,0.1589564669390691,0.76889381301255,], pi=[0.8014377354387843,0.17484225922525934,0.023720005335956418,], numStates=3b=[[p=:0.0011613385122984602 :0.2524660466513332 :0.7463726148363683 ], [p=:0.009921436091582829 :0.2716124486525274 :0.7184661152558898 ], [p=:0.6151873759454379 :0.11776806889307964 :0.26704455516148246 ]]]
HMM [a=[0.73591471033679,0.2537191448278867,0.01036614483532335,0.4445279574819316,0.5410798054041303,0.01439223711393823,0.02074249434833254,0.04466564534640358,0.9345918603052639,], pi=[0.8290432669179327,0.16796040105154378,0.0029963320305235325,], numStates=3b=[[p=:1.0258551651369229E-5 :0.2532829020029691 :0.7467068394453795 ], [p=:2.699214272298897E-4 :0.2851650957598379 :0.7145649828129322 ], [p=:0.9076647632754026 :0.028458945477847396 :0.06387629124675001 ]]]
HMM [a=[0.7432387087638171,0.2546992187876607,0.002062072448522198,0.4499988119934141,0.547158832795097,0.002842355211488927,0.004605699941162756,0.009728074758986948,0.9856662252998503,], pi=[0.8400501092054283,0.15993153938654223,1.835140802943711E-5,], numStates=3b=[[p=:3.922341722676582E-8 :0.24919042691735546 :0.7508095338592273 ], [p=:2.339700058472283E-6 :0.2957113380927889 :0.7042863222071526 ], [p=:0.9902368015161064 :7.138562966122776E-4 :0.009049342187281343 ]]]
HMM [a=[0.7438194870697209,0.2541341887451424,0.002046324185136725,0.4481564760064034,0.54909011411141,0.00275340988218661,0.004617767932640212,0.009514655223241245,0.9858675768441185,], pi=[0.85092761937722,0.14907237744994292,3.1728371769143932E-9,], numStates=3b=[[p=:1.304066437597944E-10 :0.24138234900851455 :0.7586176508610788 ], [p=:1.7186374793527285E-8 :0.30930589164102806 :0.6906940911725972 ], [p=:0.9934995276317652 :1.275982803077096E-5 :0.006487712540204029 ]]]
HMM [a=[0.7450041818873384,0.2528560179838455,0.002139800128816044,0.4441611542879342,0.5530605150693363,0.002778330642729493,0.004893348122159436,0.00967980418784587,0.9854268476899947,], pi=[0.8656846318763187,0.1343153681233016,3.796563254117432E-13,], numStates=3b=[[p=:4.4381002233615E-13 :0.22970895777706146 :0.7702910422224947 ], [p=:1.25765620846338E-10 :0.32946480345558454 :0.6705351964186499 ], [p=:0.9944376326856468 :2.2608222059741192E-7 :0.005562141232132577 ]]]
HMM [a=[0.7477880903462665,0.2499712972841558,0.002240612369577722,0.4357962452235051,0.5614724897075005,0.002731265068994414,0.005229847921634506,0.009648413687342535,0.985121738391023,], pi=[0.8851989719353623,0.11480102806463761,3.905890094029187E-17,], numStates=3b=[[p=:1.5854001690501455E-15 :0.21206582225326268 :0.7879341777467358 ], [p=:9.20853006003226E-13 :0.3595683129192546 :0.6404316870798245 ], [p=:0.9950534807867997 :3.965770196636388E-9 :0.004946515247430168 ]]]
HMM [a=[0.7543582531655324,0.2432640484301197,0.002377698404347917,0.4183618737036946,0.5790461056276897,0.002592020668615701,0.005736406188105603,0.009376637319366448,0.9848869564925279,], pi=[0.9097809107875624,0.0902190892124376,3.501493576201531E-21,], numStates=3b=[[p=:6.033241195282178E-18 :0.1850557126322329 :0.8149442873677671 ], [p=:6.598937449148526E-15 :0.4045369049713736 :0.5954630950286198 ], [p=:0.9955253138890837 :6.824829548318899E-11 :0.004474686042667938 ]]]
HMM [a=[0.769990457741989,0.2274287785234784,0.002580763734532577,0.3833587049218868,0.6143097940585472,0.002331501019565956,0.006592962555296779,0.008718525826628982,0.9846885116180742,], pi=[0.9381945897830952,0.06180541021690476,2.7169858606862734E-25,], numStates=3b=[[p=:2.5142281176946924E-20 :0.14406039892915387 :0.8559396010708461 ], [p=:4.466531663368256E-17 :0.4706027125470316 :0.5293972874529683 ], [p=:0.9959237890483597 :1.1307145312455599E-12 :0.0040762109505096565 ]]]
HMM [a=[0.8049489753556666,0.1921867157640993,0.00286430888023403,0.320586941203907,0.6774641211202892,0.001948937675803739,0.0081035910943395,0.007417480134341006,0.9844789287713195,], pi=[0.9662890129623526,0.03371098703764737,1.7975056110460913E-29,], numStates=3b=[[p=:1.189248590659082E-22 :0.08804369924946204 :0.911956300750538 ], [p=:2.6888461871326336E-19 :0.5615893719182621 :0.43841062808173786 ], [p=:0.9963429885351985 :1.7334416411311348E-14 :0.003657011464784076 ]]]
HMM [a=[0.8634962409203571,0.1333299219536715,0.003173837125971328,0.2318990388297132,0.7665684957136635,0.001532465456623274,0.01046578872059827,0.005395652804288,0.9841385584751137,], pi=[0.9872187643662723,0.012781235633727664,9.979651294006578E-34,], numStates=3b=[[p=:6.544759146007705E-25 :0.034678342206561276 :0.9653216577934387 ], [p=:1.2972317578890211E-21 :0.6669596623701088 :0.3330403376298912 ], [p=:0.9970175781708646 :2.2998702373565867E-16 :0.002982421829135243 ]]]
HMM [a=[0.9165726972975128,0.07997803939355702,0.003449263308930171,0.1468566754747141,0.8519143564561098,0.001228968069176032,0.01278062317650437,0.003673223204999992,0.9835461536184956,], pi=[0.9970024085493105,0.0029975914506894207,4.444466995940879E-38,], numStates=3b=[[p=:4.194206441472693E-27 :0.008098987137874335 :0.9919010128621256 ], [p=:4.417310810376602E-24 :0.7387241114512109 :0.26127588854878914 ], [p=:0.9981885559631075 :2.4589994420964536E-18 :0.0018114440368925237 ]]]
HMM [a=[0.9440812779297181,0.05222463202978885,0.003694090040493057,0.09330344715298734,0.9056064091954995,0.001090143651513128,0.0139524693377881,0.003105951953885874,0.982941578708326,], pi=[0.9994727206348079,5.27279365192194E-4,1.2631470252193206E-42,], numStates=3b=[[p=:3.024299626799643E-29 :0.0011645553196422684 :0.9988354446803578 ], [p=:1.1588156836311997E-26 :0.7388860203424693 :0.26111397965753064 ], [p=:0.999396272381148 :2.0836338038716453E-20 :6.037276188519802E-4 ]]]
HMM [a=[0.959661511446038,0.0364877896704156,0.003850698883546359,0.060651226858245,0.9383003773068357,0.001048395834919266,0.01430593867626228,0.003007131935299374,0.9826869293884383,], pi=[0.9998702409281874,1.2975907181254494E-4,1.296621857998363E-47,], numStates=3b=[[p=:2.315118826606625E-31 :1.0174662514793172E-4 :0.999898253374852 ], [p=:2.773119967992779E-29 :0.7083106809801523 :0.29168931901984774 ], [p=:0.9999269319086117 :1.540773846692749E-22 :7.306809138827423E-5 ]]]
HMM [a=[0.969687338722683,0.02638211432117034,0.003930546956146686,0.04090898749749053,0.9580426966588719,0.001048315843637576,0.01436058035862962,0.002980062242434933,0.9826593573989354,], pi=[0.9999393357856424,6.066421435757049E-5,1.796635537619871E-53,], numStates=3b=[[p=:1.821528784381975E-33 :5.807411337848557E-6 :0.9999941925886622 ], [p=:6.427608599212621E-32 :0.6797653843362838 :0.3202346156637163 ], [p=:0.9999969463066831 :1.113544860875588E-24 :3.053693316925475E-6 ]]]
HMM [a=[0.9750754076601362,0.02095732782541742,0.003967264514446425,0.03108095135242761,0.9678540710626897,0.001064977584882695,0.01437554602359052,0.002965492985203617,0.9826589609912059,], pi=[0.9999492129097469,5.0787090253098E-5,1.194365386169417E-60,], numStates=3b=[[p=:1.452276175817412E-35 :2.5228325122757353E-7 :0.9999997477167488 ], [p=:1.4769997566682624E-34 :0.6629333876160959 :0.3370666123839041 ], [p=:0.9999999020346242 :8.18027097500799E-27 :9.796537579288883E-8 ]]]
HMM [a=[0.9772274100276278,0.01879415325487417,0.003978436717497995,0.02730374731903625,0.9716158001002813,0.001080452580682448,0.01438342850594656,0.002957611930635897,0.9826589595634175,], pi=[0.9999382026111376,6.179738886230692E-5,2.8749143090859316E-69,], numStates=3b=[[p=:1.1637539595769917E-37 :9.678852898163849E-9 :0.9999999903211471 ], [p=:3.3941197704017758E-37 :0.6556557024574255 :0.3443442975425744 ], [p=:0.9999999969003119 :6.103923190181531E-29 :3.0996880761124676E-9 ]]]
HMM [a=[0.9779449848475938,0.01807386883955454,0.003981146312851618,0.02605257689480816,0.9728591235369715,0.001088299568220311,0.01438643311044297,0.002954607351206061,0.982658959538351,], pi=[0.9999109808182908,8.901918170922335E-5,2.3339127038627634E-79,], numStates=3b=[[p=:9.340862212240655E-40 :3.553034997727153E-10 :0.9999999996446965 ], [p=:7.807849813133792E-40 :0.6529876633803204 :0.34701233661967956 ], [p=:0.9999999999020075 :4.590742879870665E-31 :9.799255481683389E-11 ]]]
HMM [a=[0.9781705560883986,0.01784762244829021,0.003981821463311213,0.02565813615924228,0.9732505772168984,0.001091286623859319,0.01438734051201354,0.002953699950389849,0.9826589595375966,], pi=[0.9998637605830579,1.3623941694205547E-4,6.136557998369826E-91,], numStates=3b=[[p=:7.501222700754794E-42 :1.2858958239612383E-11 :0.9999999999871411 ], [p=:1.7971147993665364E-42 :0.6520920896899048 :0.34790791031009516 ], [p=:0.9999999999969025 :3.463458718212556E-33 :3.097475641047916E-12 ]]]
HMM [a=[0.9782406563133142,0.01777733706420984,0.003982006622475969,0.02553523151068993,0.9733724760442448,0.001092292445065255,0.01438760114456385,0.002953439317863125,0.982658959537573,], pi=[0.999787338425375,2.126615746249587E-4,5.141046801186074E-104,], numStates=3b=[[p=:6.0248190961331E-44 :4.633175219213737E-13 :0.9999999999995367 ], [p=:4.1372412217676345E-45 :0.6518045797918126 :0.34819542020818744 ], [p=:0.9999999999999021 :2.615805511672452E-35 :9.790542313709251E-14 ]]]
HMM [a=[0.9782624477806663,0.01775549101807909,0.003982061201254573,0.02549700913525682,0.9734103760758781,0.001092614788865036,0.01438767782973232,0.002953362632695404,0.9826589595375723,], pi=[0.9996659864136642,3.340135863357527E-4,1.364780701048774E-118,], numStates=3b=[[p=:4.83923272257316E-46 :1.6670527061394163E-14 :0.9999999999999833 ], [p=:9.525247124873583E-48 :0.6517140179070547 :0.34828598209294526 ], [p=:0.9999999999999969 :1.976300918826856E-37 :3.0945738391352623E-15 ]]]
HMM [a=[0.9782692605214921,0.01774866123251973,0.003982078245988195,0.02548511530243293,0.9734221687125488,0.00109271598501822,0.01438770102829817,0.002953339434129574,0.9826589595375723,], pi=[0.999474399652498,5.256003475020916E-4,1.1459982088519894E-134,], numStates=3b=[[p=:3.8870077675224035E-48 :5.995591848230166E-16 :0.9999999999999994 ], [p=:2.193064033699176E-50 :0.6516856181351215 :0.3483143818648785 ], [p=:0.9999999999999999 :1.4933061339845102E-39 :9.781230321219241E-17 ]]]
HMM [a=[0.978271444906148,0.01774647082367274,0.003982084270179262,0.02548139957147468,0.9734258531445227,0.001092747284002598,0.01438770815119281,0.002953332311234932,0.9826589595375723,], pi=[0.9991725070224361,8.274929775639029E-4,3.0419925145097096E-152,], numStates=3b=[[p=:3.1221688569587535E-50 :2.1560333848216675E-17 :1.0 ], [p=:5.049277919596313E-53 :0.6516765880517843 :0.34832341194821564 ], [p=:1.0 :1.1283913698016723E-41 :3.0916166981611524E-18 ]]]
HMM [a=[0.9782722291784087,0.01774568346292408,0.003982087358667203,0.02548021598483688,0.9734270274563471,0.001092756558815993,0.01438771034263266,0.002953330119795088,0.9826589595375723,], pi=[0.9986971865707706,0.001302813429229411,2.552018190054413E-171,], numStates=3b=[[p=:2.5078303817526796E-52 :7.752808438575081E-19 :1.0 ], [p=:1.1625400807256801E-55 :0.6516734852469246 :0.34832651475307536 ], [p=:1.0 :8.526592045800812E-44 :9.771868552694985E-20 ]]]
HMM [a=[0.978272638498066,0.01774527126157933,0.003982090240354713,0.02547980340640763,0.9734274378920175,0.00109275870157492,0.01438771100148026,0.002953329460947487,0.9826589595375723,], pi=[0.9979492569732062,0.0020507430267937424,6.765423189528124E-192,], numStates=3b=[[p=:2.0143754054883827E-54 :2.787752646500677E-20 :1.0 ], [p=:2.6766185321255748E-58 :0.651672058179446 :0.34832794182055404 ], [p=:1.0 :6.4430705006068415E-46 :3.0886554868102742E-21 ]]]
HMM [a=[0.9782730259390539,0.01774487990252691,0.003982094158419161,0.02547960500112299,0.9734276367985629,0.001092758200314152,0.01438771117250067,0.002953329289927075,0.9826589595375723,], pi=[0.9967732278538393,0.0032267721461607763,5.666534432482071E-214,], numStates=3b=[[p=:1.618017353610622E-56 :1.0024052353174851E-21 :1.0 ], [p=:6.162606971340754E-61 :0.6516708877463188 :0.3483291122536813 ], [p=:1.0 :4.868678180586027E-48 :9.762503181130213E-23 ]]]
HMM [a=[0.978273555005335,0.01774434487153514,0.003982100123129871,0.02547943309417445,0.973427810695106,0.001092756210719596,0.01438771117270034,0.002953329289727403,0.9826589595375723,], pi=[0.9949260624344533,0.005073937565546802,1.499146491235098E-237,], numStates=3b=[[p=:1.2996507857155538E-58 :3.6043341407001815E-23 :1.0 ], [p=:1.4188662937274593E-63 :0.6516693824596164 :0.3483306175403837 ], [p=:1.0 :3.6790011057683497E-50 :3.0856929945273153E-24 ]]]
HMM [a=[0.9782743600909494,0.01774353048946342,0.003982109419587186,0.02547920663850055,0.9734280406441027,0.001092752717396708,0.01438771108968406,0.002953329372743687,0.9826589595375723,], pi=[0.9920296204499154,0.007970379550084646,1.252302493499827E-262,], numStates=3b=[[p=:1.0439298113795567E-60 :1.2959728035158237E-24 :1.0 ], [p=:3.266757406862433E-66 :0.6516671248512383 :0.34833287514876166 ], [p=:1.0 :2.780030972801676E-52 :9.753128418753728E-26 ]]]
HMM [a=[0.9782756119532349,0.01774226410011474,0.003982123946650395,0.02547886522059171,0.9734283876423035,0.001092747137104827,0.0143877109338696,0.002953329528558146,0.9826589595375723,], pi=[0.9874997650506872,0.012500234949312815,3.3010787474917604E-289,], numStates=3b=[[p=:8.385282213581655E-63 :4.659613776773327E-26 :1.0 ], [p=:7.52124611944571E-69 :0.651663624467147 :0.34833637553285296 ], [p=:1.0 :2.1007320188265295E-54 :3.082724435506431E-27 ]]]
HMM [a=[0.9782775604065148,0.01774029301068936,0.003982146582795864,0.02547833589357965,0.9734289256999002,0.001092738406520132,0.01438771068275926,0.002953329779668488,0.9826589595375723,], pi=[0.9804443390185814,0.019555660981418536,2.743374E-317,], numStates=3b=[[p=:6.735452936983874E-65 :1.675243003988542E-27 :1.0 ], [p=:1.7316448304169353E-71 :0.6516581782908939 :0.3483418217091061 ], [p=:1.0 :1.5874267705250133E-56 :9.743718747357642E-29 ]]]
HMM [a=[0.9782805775772933,0.0177372407720821,0.003982181650624674,0.0254775138144588,0.9734297613097445,0.00109272487579666,0.01438771029061803,0.002953330171809717,0.9826589595375723,], pi=[0.969525140608447,0.030474859391553,0.0,], numStates=3b=[[p=:5.4102853611064086E-67 :6.022339150921616E-29 :1.0 ], [p=:3.9867756979973325E-74 :0.651649742711817 :0.348350257288183 ], [p=:1.0 :1.199554262491028E-58 :3.0797370752847146E-30 ]]]
HMM [a=[0.9782852067544907,0.01773255776733222,0.003982235478177066,0.02547624446237561,0.9734310514190789,0.001092704118545528,0.01438770968648823,0.002953330775939514,0.9826589595375723,], pi=[0.9527921638096496,0.04720783619035042,0.0,], numStates=3b=[[p=:4.345903299939249E-69 :2.164663581305749E-30 :1.0 ], [p=:9.178580247229243E-77 :0.6516367927899114 :0.3483632072100886 ], [p=:1.0 :9.064648884352885E-61 :9.734211780425242E-32 ]]]
HMM [a=[0.9782922078651584,0.0177254751974983,0.003982316937343321,0.02547430512931422,0.9734330221292996,0.001092672741386186,0.01438770876890214,0.002953331693525602,0.9826589595375723,], pi=[0.9275342250027723,0.07246577499722776,0.0,], numStates=3b=[[p=:3.4909998140908986E-71 :7.778957404149807E-32 :1.0 ], [p=:2.1130762494513078E-79 :0.6516171894487248 :0.3483828105512752 ], [p=:1.0 :6.849984601842024E-63 :3.0767007439402322E-33 ]]]
HMM [a=[0.9783025690473321,0.0177149933480012,0.003982437604666667,0.02547139026278338,0.9734359833907422,0.00109262634647444,0.01438770740356717,0.002953333058860572,0.9826589595375723,], pi=[0.8902656874028559,0.10973431259714403,0.0,], numStates=3b=[[p=:2.804363200295397E-73 :2.7945545048092213E-33 :1.0 ], [p=:4.864452786763924E-82 :0.6515881364412264 :0.3484118635587736 ], [p=:1.0 :5.1765405271779335E-65 :9.724464070259323E-35 ]]]
HMM [a=[0.9783174211578585,0.01769996802860043,0.00398261081354105,0.02546711443862968,0.9734403256202647,0.001092559941105658,0.01438770543407611,0.002953335028351632,0.9826589595375723,], pi=[0.837086303109174,0.162913696890826,0.0,], numStates=3b=[[p=:2.2528890939926585E-75 :1.0034659031581183E-34 :1.0 ], [p=:1.119754592739915E-84 :0.6515464003779387 :0.3484535996220614 ], [p=:1.0 :3.912070039089304E-67 :3.073548944789754E-36 ]]]
HMM [a=[0.9783377658677122,0.01767938558396488,0.003982848548322987,0.02546105829317319,0.9734464725008666,0.001092469205960259,0.01438770272199694,0.002953337740430805,0.9826589595375723,], pi=[0.7647348480269838,0.23526515197301626,0.0,], numStates=3b=[[p=:1.809982961545402E-77 :3.600937076886762E-36 :1.0 ], [p=:2.577332646038994E-87 :0.6514890442386977 :0.3485109557613023 ], [p=:1.0 :2.956637887146605E-69 :9.714178922441004E-38 ]]]
HMM [a=[0.9783639700461655,0.01765287437874214,0.003983155575092407,0.02545288677590308,0.9734547603856384,0.001092352838458541,0.01438769923278304,0.002953341229644709,0.9826589595375723,], pi=[0.6724664462765344,0.32753355372346554,0.0,], numStates=3b=[[p=:1.4542766004206193E-79 :1.2911258139196113E-37 :1.0 ], [p=:5.931501519881173E-90 :0.6514148215068716 :0.3485851784931284 ], [p=:1.0 :2.234722216876666E-71 :3.070156620170258E-39 ]]]
HMM [a=[0.9783951734847913,0.01762130410916916,0.003983522406039503,0.02544254169377227,0.973465243023791,0.001092215282436718,0.01438769515769754,0.002953345304730208,0.9826589595375723,], pi=[0.5641170440790823,0.4358829559209178,0.0,], numStates=3b=[[p=:1.1685981062595964E-81 :4.6247489895983615E-39 :1.0 ], [p=:1.3648806027685367E-92 :0.6513258591219947 :0.3486741408780053 ], [p=:1.0 :1.6892468180128873E-73 :9.702871502441425E-41 ]]]
HMM [a=[0.9784290430613197,0.01758703487042104,0.00398392206825928,0.02543043387237691,0.9734774983285315,0.001092067799091593,0.01438769099431271,0.002953349468115033,0.9826589595375723,], pi=[0.4486815832404127,0.5513184167595874,0.0,], numStates=3b=[[p=:9.391470960219548E-84 :1.6547418878270846E-40 :1.0 ], [p=:3.140179118720656E-95 :0.6512284609532607 :0.3487715390467393 ], [p=:1.0 :1.277073624289371E-75 :3.0663575529677386E-42 ]]]
HMM [a=[0.9784623056411588,0.01755337843893187,0.003984315919909376,0.02541748114525425,0.9734905930600203,0.001091925794725463,0.01438768745141036,0.002953353011017387,0.9826589595375723,], pi=[0.3379333592813432,0.6620666407186567,0.0,], numStates=3b=[[p=:7.548354234088888E-86 :5.914183391868104E-42 :1.0 ], [p=:7.223449000388798E-98 :0.651131792922183 :0.348868207077817 ], [p=:1.0 :9.656002544084668E-78 :9.690070171320305E-44 ]]]
HMM [a=[0.9784919059946864,0.01752342681168635,0.003984667193627222,0.02540488094444689,0.9735033159385037,0.001091803117049462,0.01438768513712991,0.002953355325297835,0.9826589595375723,], pi=[0.2420205171201123,0.7579794828798877,0.0,], numStates=3b=[[p=:6.067591813536831E-88 :2.1116671050396515E-43 :1.0 ], [p=:1.6613936237179598E-100 :0.6510447354861497 :0.34895526451385034 ], [p=:1.0 :7.301921370919188E-80 :3.062057514710547E-45 ]]]
HMM [a=[0.9785160085062699,0.01749903819798095,0.003984953295749268,0.02539370924611712,0.9735145835476492,0.001091707206233685,0.01438768423734128,0.002953356225086462,0.9826589595375723,], pi=[0.1661621044551958,0.8338378955448043,0.0,], numStates=3b=[[p=:4.877732445561993E-90 :7.533471303716933E-45 :1.0 ], [p=:3.8207595398694125E-103 :0.650972966911479 :0.34902703308852107 ], [p=:1.0 :5.522421047703384E-82 :9.675743372717401E-47 ]]]
HMM [a=[0.9785342336101005,0.01748059718628657,0.003985169203612974,0.02538460063990732,0.9735237611055181,0.001091638254574579,0.01438768447118736,0.002953355991240389,0.9826589595375723,], pi=[0.11042370169142995,0.88957629830857,0.0,], numStates=3b=[[p=:3.921464531974113E-92 :2.685877097574157E-46 :1.0 ], [p=:8.78594804189652E-106 :0.650918058752406 :0.34908194124759395 ], [p=:1.0 :4.177006803878739E-84 :3.057335156178037E-48 ]]]
HMM [a=[0.9785472385771448,0.0174674387387826,0.003985322684072634,0.02537768205094009,0.9735307261856291,0.00109159176343083,0.01438768533381982,0.002953355128607923,0.9826589595375723,], pi=[0.07167678909065142,0.9283232109093486,0.0,], numStates=3b=[[p=:3.1528204578061586E-94 :9.571379857973651E-48 :1.0 ], [p=:2.0202284285156848E-108 :0.6508784714175049 :0.3491215285824951 ], [p=:1.0 :3.1596131368660954E-86 :9.660345553412493E-50 ]]]
HMM [a=[0.9785561259966009,0.01745844693755775,0.003985427065841316,0.02537271607514831,0.9735357221483787,0.001091561776472941,0.01438768637393917,0.002953354088488575,0.9826589595375723,], pi=[0.04578018095137272,0.9542198190486273,0.0,], numStates=3b=[[p=:2.5349205318703896E-96 :3.4097486806404557E-49 :1.0 ], [p=:4.645088670750732E-111 :0.650851187208279 :0.3491488127917211 ], [p=:1.0 :2.390156932971847E-88 :3.052361055784155E-51 ]]]
HMM [a=[0.9785620134915994,0.01745249063881976,0.00398549586958086,0.02536930240907337,0.9735391546340828,0.001091542956843861,0.01438768732025553,0.00295335314217222,0.9826589595375723,], pi=[0.02892818518750343,0.9710718148124966,0.0,], numStates=3b=[[p=:2.0381627439259406E-98 :1.2144395537010296E-50 :1.0 ], [p=:1.0680105282151687E-113 :0.6508329925656445 :0.34916700743435547 ], [p=:1.0 :1.8081534005872135E-90 :9.644392228387171E-53 ]]]
HMM [a=[0.9785658295625825,0.01744863017369186,0.003985540263725666,0.02536702938858128,0.9735414392946578,0.001091531316760939,0.01438768806712644,0.002953352395301307,0.9826589595375723,], pi=[0.018153031683656735,0.9818469683163432,0.0,], numStates=3b=[[p=:1.6387755141391293E-100 :4.324817242290081E-52 :1.0 ], [p=:2.4555532335671796E-116 :0.6508211409377839 :0.34917885906221613 ], [p=:1.0 :1.367902078536365E-92 :3.047270629111114E-54 ]]]
HMM [a=[0.978568266260995,0.01744616523484052,0.003985568504164474,0.02536555002332472,0.9735429258153034,0.001091524161371859,0.01438768860852015,0.002953351853907599,0.9826589595375723,], pi=[0.01134107110126199,0.988658928898738,0.0,], numStates=3b=[[p=:1.3176618369501522E-102 :1.5399973313448421E-53 :1.0 ], [p=:5.645706451803939E-119 :0.6508135462053877 :0.34918645379461233 ], [p=:1.0 :1.0348605302991006E-94 :9.628206390325405E-56 ]]]
HMM [a=[0.9785698065350018,0.01744460716197291,0.003985586303025324,0.02536460245373579,0.9735438777777418,0.001091519768522425,0.01438768898028101,0.002953351482146739,0.9826589595375723,], pi=[0.007065536428849698,0.9929344635711503,0.0,], numStates=3b=[[p=:1.0594755289276742E-104 :5.483362983358048E-55 :1.0 ], [p=:1.2980283204954988E-121 :0.6508087334427469 :0.349191266557253 ], [p=:1.0 :7.829123910030015E-97 :3.042135952046931E-57 ]]]
HMM [a=[0.978570773635264,0.01744362891050098,0.003985597454235004,0.02536400213020858,0.9735444808008951,0.001091517068896362,0.01438768922670193,0.00295335123572582,0.9826589595375723,], pi=[0.004394151548824133,0.9956058484511758,0.0,], numStates=3b=[[p=:8.518819906677501E-107 :1.9523521796518667E-56 :1.0 ], [p=:2.9843388155322956E-124 :0.650805706447941 :0.349194293552059 ], [p=:1.0 :5.9230769934607385E-99 :9.611941755709719E-59 ]]]
HMM [a=[0.9785713781705083,0.01744301741540473,0.003985604414087015,0.02536362460608508,0.9735448599871056,0.001091515406809274,0.01438768938629366,0.002953351076134084,0.9826589595375723,], pi=[0.002729792175532883,0.9972702078244671,0.0,], numStates=3b=[[p=:6.849658337223635E-109 :6.951193693275652E-58 :1.0 ], [p=:6.8613708630284565E-127 :0.650803812091125 :0.349196187908875 ], [p=:1.0 :4.481087169624121E-101 :3.0369888315529415E-60 ]]]
HMM [a=[0.9785717549772628,0.01744263627521471,0.003985608747522515,0.02536338836040749,0.9735450972579807,0.001091514381611817,0.01438768948808609,0.002953350974341659,0.9826589595375723,], pi=[0.001694681456781811,0.9983053185432181,0.0,], numStates=3b=[[p=:5.507556778182736E-111 :2.474881537448626E-59 :1.0 ], [p=:1.5775128966039677E-129 :0.6508026304383696 :0.34919736956163033 ], [p=:1.0 :3.3901626448940935E-103 :9.595662844304517E-62 ]]]
HMM [a=[0.9785719894035737,0.01744239915485183,0.003985611441574503,0.02536324100181729,0.9735452452499117,0.001091513748271035,0.01438768955236656,0.002953350910061188,0.9826589595375723,], pi=[0.001051628808118062,0.998948371191882,0.0,], numStates=3b=[[p=:4.4284263979908754E-113 :8.811413430177252E-61 :1.0 ], [p=:3.6268908180877606E-132 :0.6508018949191917 :0.34919810508080823 ], [p=:1.0 :2.5648287872585716E-105 :3.031842186983776E-63 ]]]
HMM [a=[0.978572135075218,0.01744225180993676,0.00398561311484519,0.02536314928039313,0.9735453373630635,0.001091513356543419,0.01438768959269527,0.002953350869732476,0.9826589595375723,], pi=[6.524128642540119E-4,0.999347587135746,0.0,], numStates=3b=[[p=:3.5607387539821994E-115 :3.1371431756233534E-62 :1.0 ], [p=:8.338650270342994E-135 :0.6508014377228226 :0.3491985622771774 ], [p=:1.0 :1.9404241113963845E-107 :9.579395308214052E-65 ]]]
HMM [a=[0.9785722255261223,0.01744216032038621,0.003985614153491494,0.02536309226726629,0.9735453946186856,0.001091513114048112,0.0143876896178905,0.002953350844537242,0.9826589595375723,], pi=[4.046798382577272E-4,0.9995953201617422,0.0,], numStates=3b=[[p=:2.8630632076364353E-117 :1.1169188205006382E-63 :1.0 ], [p=:1.9171533801200306E-137 :0.6508011537801945 :0.34919884621980546 ], [p=:1.0 :1.468030969271973E-109 :3.026701083195519E-66 ]]]
HMM [a=[0.9785722816620696,0.01744210353996182,0.003985614797968655,0.02536305685936693,0.9735454301767886,0.001091512963844441,0.01438768963358849,0.002953350828839252,0.9826589595375723,], pi=[2.509900868352769E-4,0.9997490099131647,0.0,], numStates=3b=[[p=:2.3020876250423978E-119 :3.976563775882544E-65 :1.0 ], [p=:4.40775908793614E-140 :0.6508009775354869 :0.34919902246451306 ], [p=:1.0 :1.1106416130361192E-111 :9.563149108211757E-68 ]]]
HMM [a=[0.9785723164907286,0.01744206831149927,0.003985615197772148,0.02536303488156341,0.9735454522476669,0.001091512870769717,0.01438768964335222,0.002953350819075523,0.9826589595375723,], pi=[1.556590021340405E-4,0.999844340997866,0.0,], numStates=3b=[[p=:1.8510272834224078E-121 :1.4157733084513565E-66 :1.0 ], [p=:1.013395032627429E-142 :0.6508008681780939 :0.34919913182190615 ], [p=:1.0 :8.402582208711903E-114 :3.021567472946569E-69 ]]]
HMM [a=[0.9785723380954718,0.01744204645877247,0.003985615445755684,0.02536302124466487,0.9735454659422551,0.001091512813080057,0.01438768964941829,0.002953350813009453,0.9826589595375723,], pi=[9.65328135795281E-5,0.9999034671864204,0.0,], numStates=3b=[[p=:1.4883457252690347E-123 :5.040563985218587E-68 :1.0 ], [p=:2.329912709616091E-145 :0.6508008003384647 :0.34919919966153534 ], [p=:1.0 :6.356991987519103E-116 :9.546928060862787E-71 ]]]
HMM [a=[0.9785723514956067,0.01744203290483631,0.003985615599556995,0.02536301278505143,0.973545474437632,0.00109151277731663,0.01438768965318442,0.002953350809243324,0.9826589595375723,], pi=[5.986392302571211E-5,0.9999401360769743,0.0,], numStates=3b=[[p=:1.1967263404575738E-125 :1.794586195350222E-69 :1.0 ], [p=:5.356739209590014E-148 :0.6508007582601856 :0.3491992417398144 ], [p=:1.0 :4.80939666889983E-118 :3.0164420994142386E-72 ]]]
HMM [a=[0.9785723598062853,0.01744202449877431,0.003985615694940423,0.02536300753788552,0.9735454797069711,0.00109151275514342,0.01438768965552159,0.002953350806906152,0.9826589595375723,], pi=[3.71234955881314E-5,0.9999628765044118,0.0,], numStates=3b=[[p=:9.622455007296269E-128 :6.3892425625961264E-71 :1.0 ], [p=:1.231576348966778E-150 :0.6508007321629594 :0.34919926783704064 ], [p=:1.0 :3.6385601393624235E-120 :9.530733605760245E-74 ]]]
HMM [a=[0.9785723649602726,0.01744201928563484,0.003985615754092597,0.02536300428355956,0.9735454829750453,0.001091512741395125,0.01438768965697159,0.002953350805456159,0.9826589595375723,], pi=[2.3021229215916337E-5,0.9999769787707841,0.0,], numStates=3b=[[p=:7.73707730751448E-130 :2.274753513283625E-72 :1.0 ], [p=:2.8315365163493026E-153 :0.6508007159781765 :0.3491992840218236 ], [p=:1.0 :2.7527611616314807E-122 :3.011325239198544E-75 ]]]
HMM [a=[0.9785723681564982,0.01744201605272665,0.003985615790775113,0.02536300226531632,0.9735454850018134,0.001091512732870236,0.01438768965787101,0.002953350804556734,0.9826589595375723,], pi=[1.4275970684035671E-5,0.999985724029316,0.0,], numStates=3b=[[p=:6.2211115479329E-132 :8.09877362917566E-74 :1.0 ], [p=:6.51002995834566E-156 :0.6508007059411628 :0.34919929405883726 ], [p=:1.0 :2.082607924768284E-124 :9.51456626730092E-77 ]]]
HMM [a=[0.9785723701385892,0.01744201404788781,0.003985615813523033,0.02536300101370033,0.9735454862587156,0.001091512727584068,0.01438768965842886,0.002953350803998885,0.9826589595375723,], pi=[8.852811783282335E-6,0.9999911471882167,0.0,], numStates=3b=[[p=:5.002176873177693E-134 :2.8833950128090587E-75 :1.0 ], [p=:1.496731171741594E-158 :0.6508006997168291 :0.34919930028317087 ], [p=:1.0 :1.575601940477855E-126 :3.0062169894645587E-78 ]]]
HMM [a=[0.9785723713677388,0.01744201280463164,0.003985615827629578,0.02536300023752573,0.9735454870381681,0.001091512724306128,0.01438768965877483,0.002953350803652915,0.9826589595375723,], pi=[5.489791496049754E-6,0.9999945102085039,0.0,], numStates=3b=[[p=:4.022074413993341E-136 :1.026571033120097E-76 :1.0 ], [p=:3.4411580320980197E-161 :0.6508006958569348 :0.34919930414306527 ], [p=:1.0 :1.1920253766823285E-128 :9.49842621818523E-80 ]]]
HMM [a=[0.9785723721299632,0.01744201203365946,0.003985615836377349,0.02536299975619679,0.9735454875215297,0.001091512722273463,0.01438768965898939,0.002953350803438359,0.9826589595375723,], pi=[3.404316042421212E-6,0.9999965956839576,0.0,], numStates=3b=[[p=:3.234008522118012E-138 :3.6548861700559943E-78 :1.0 ], [p=:7.91162019252891E-164 :0.6508006934633193 :0.34919930653668074 ], [p=:1.0 :9.018296243887773E-131 :3.0011173784593476E-81 ]]]
HMM [a=[0.9785723726026343,0.01744201155556371,0.003985615841802011,0.02536299945771289,0.9735454878212741,0.001091512721012989,0.01438768965912244,0.002953350803305303,0.9826589595375723,], pi=[2.1110743148929525E-6,0.9999978889256851,0.0,], numStates=3b=[[p=:2.6003524705821873E-140 :1.3012438735482697E-79 :1.0 ], [p=:1.8189729548440756E-166 :0.6508006919789872 :0.3491993080210129 ], [p=:1.0 :6.822813423279339E-133 :9.482313496088258E-83 ]]]
HMM [a=[0.9785723728957466,0.01744201125908748,0.003985615845165942,0.02536299927261663,0.973545488007152,0.001091512720231354,0.01438768965920496,0.00295335080322279,0.9826589595375723,], pi=[1.3091124172399542E-6,0.9999986908875828,0.0,], numStates=3b=[[p=:2.0908519357010083E-142 :4.632799821391762E-81 :1.0 ], [p=:4.182029123695616E-169 :0.6508006910585239 :0.34919930894147605 ], [p=:1.0 :5.161815696072119E-135 :2.996026407980915E-84 ]]]
HMM [a=[0.9785723730775108,0.01744201107523727,0.003985615847251975,0.02536299915783485,0.9735454881224185,0.001091512719746652,0.01438768965925612,0.002953350803171622,0.9826589595375723,], pi=[8.11802192935966E-7,0.9999991881978071,0.0,], numStates=3b=[[p=:1.6811804820309714E-144 :1.6494090364701784E-82 :1.0 ], [p=:9.614968452673308E-172 :0.6508006904877279 :0.349199309512272 ], [p=:1.0 :3.905183926457728E-137 :9.466228086889568E-86 ]]]
HMM [a=[0.9785723731902258,0.01744201096122859,0.003985615848545559,0.02536299908665658,0.9735454881938973,0.001091512719446081,0.01438768965928785,0.002953350803139892,0.9826589595375723,], pi=[5.034118213196367E-7,0.9999994965881787,0.0,], numStates=3b=[[p=:1.3517780795820039E-146 :5.872367170653558E-84 :1.0 ], [p=:2.210592407763563E-174 :0.6508006901337675 :0.34919930986623254 ], [p=:1.0 :2.9544761784099376E-139 :2.9909440696879424E-87 ]]]
HMM [a=[0.9785723732601224,0.01744201089052989,0.003985615849347732,0.0253629990425177,0.9735454882382226,0.001091512719259693,0.01438768965930753,0.002953350803120215,0.9826589595375723,], pi=[3.12173867048538E-7,0.9999996878261329,0.0,], numStates=3b=[[p=:1.0869171968378558E-148 :2.090730396940265E-85 :1.0 ], [p=:5.082407514672335E-177 :0.6508006899142705 :0.34919931008572946 ], [p=:1.0 :2.2352159737945382E-141 :9.450169956632025E-89 ]]]
HMM [a=[0.9785723733034664,0.01744201084668846,0.003985615849845173,0.02536299901514643,0.9735454882657095,0.00109151271914411,0.01438768965931973,0.002953350803108013,0.9826589595375723,], pi=[1.935840826750764E-7,0.9999998064159173,0.0,], numStates=3b=[[p=:8.739518792428449E-151 :7.443597204434985E-87 :1.0 ], [p=:1.1685042457138391E-179 :0.6508006897781569 :0.34919931022184314 ], [p=:1.0 :1.691057957250926E-143 :2.98587035136187E-90 ]]]
HMM [a=[0.9785723733303447,0.01744201081950166,0.003985615850153644,0.02536299899817305,0.9735454882827544,0.001091512719072436,0.0143876896593273,0.002953350803100446,0.9826589595375723,], pi=[1.2004462641274646E-7,0.9999998799553735,0.0,], numStates=3b=[[p=:7.02713959747441E-153 :2.6501331480308946E-88 :1.0 ], [p=:2.6865263522137503E-182 :0.6508006896937505 :0.34919931030624946 ], [p=:1.0 :1.2793739168122601E-145 :9.434139063791544E-92 ]]]
HMM [a=[0.9785723733470124,0.01744201080264269,0.003985615850344932,0.02536299898764758,0.9735454882933244,0.001091512719027989,0.01438768965933199,0.002953350803095754,0.9826589595375723,], pi=[7.444161574423015E-8,0.9999999255583842,0.0,], numStates=3b=[[p=:5.650275730077704E-155 :9.435230715679545E-90 :1.0 ], [p=:6.176634673832009E-185 :0.6508006896414088 :0.3491993103585912 ], [p=:1.0 :9.679133776524446E-148 :2.980805239310967E-93 ]]]
HMM [a=[0.9785723733573483,0.01744201079218817,0.003985615850463552,0.02536299898112056,0.973545488299879,0.001091512719000427,0.0143876896593349,0.002953350803092845,0.9826589595375723,], pi=[4.616244988838293E-8,0.9999999538375501,0.0,], numStates=3b=[[p=:4.5431879336211835E-157 :3.3592115433625803E-91 :1.0 ], [p=:1.420079719700767E-187 :0.6508006896089508 :0.3491993103910492 ], [p=:1.0 :7.322771665066007E-150 :9.418135363987465E-95 ]]]
HMM [a=[0.9785723733637577,0.01744201078570515,0.003985615850537111,0.02536299897707305,0.9735454883039436,0.001091512718983336,0.01438768965933671,0.00295335080309104,0.9826589595375723,], pi=[2.862608144276484E-8,0.9999999713739186,0.0,], numStates=3b=[[p=:3.653017584754802E-159 :1.1959752262930069E-92 :1.0 ], [p=:3.264927451174562E-190 :0.6508006895888231 :0.3491993104111769 ], [p=:1.0 :5.5400603090261705E-152 :2.975748719293231E-96 ]]]
