HMM [a=[0.5955876484023892,0.2481615201676622,0.1562508314299486,0.3474261282355084,0.4963230403364405,0.1562508314280511,0.1418890361643587,0.3121558795615891,0.5459550842740523,], pi=[0.696559681064491,0.19901705173271172,0.10442326720279728,], numStates=3b=[[p=:0.0 :0.7920321813074059 :0.2079678186925941 ], [p=:0.0 :0.7920288679601617 :0.2079711320398383 ], [p=:0.0 :0.7920282149979899 :0.20797178500201008 ]]]
HMM [a=[0.5955876483880455,0.2481615201707452,0.1562508314412093,0.3474261282132911,0.496323040347348,0.1562508314393609,0.1418890361495976,0.3121558795573497,0.5459550842930527,], pi=[0.6965609150598474,0.19901635817764396,0.10442272676250863,], numStates=3b=[[p=:0.0 :0.7920345983810925 :0.20796540161890756 ], [p=:0.0 :0.792027608896919 :0.207972391103081 ], [p=:0.0 :0.7920262434765908 :0.20797375652340916 ]]]
HMM [a=[0.5955876483630643,0.2481615201737884,0.1562508314631473,0.347426128165152,0.4963230403705831,0.1562508314642649,0.1418890361168011,0.3121558795476147,0.5459550843355843,], pi=[0.6965635166645368,0.19901489470686268,0.1044215886286006,], numStates=3b=[[p=:0.0 :0.7920373225887705 :0.20796267741122954 ], [p=:0.0 :0.7920262547241614 :0.2079737452758385 ], [p=:0.0 :0.7920239322734349 :0.20797606772656507 ]]]
HMM [a=[0.5955876483326124,0.248161520172234,0.1562508314951536,0.3474261280865031,0.4963230404070273,0.1562508315064696,0.1418890360612028,0.3121558795294583,0.5459550844093389,], pi=[0.696567656176789,0.19901258299278776,0.10441976083042331,], numStates=3b=[[p=:0.0 :0.7920403953786035 :0.20795960462139657 ], [p=:0.0 :0.7920247990429315 :0.20797520095706848 ], [p=:0.0 :0.7920212267014347 :0.20797877329856526 ]]]
HMM [a=[0.5955876483041982,0.2481615201598178,0.156250831535984,0.3474261279719944,0.4963230404572305,0.1562508315707752,0.1418890359764952,0.3121558794986885,0.5459550845248162,], pi=[0.6965735265172548,0.19900933607587407,0.10441713740687113,], numStates=3b=[[p=:0.0 :0.7920438640315602 :0.2079561359684397 ], [p=:0.0 :0.7920232351574793 :0.20797676484252073 ], [p=:0.0 :0.7920180635489518 :0.20798193645104826 ]]]
HMM [a=[0.5955876482884351,0.2481615201280454,0.1562508315835195,0.3474261278153968,0.4963230405211963,0.1562508316634069,0.1418890358543101,0.3121558794493383,0.5459550846963516,], pi=[0.696581346375105,0.1990050573315261,0.10441359629336887,], numStates=3b=[[p=:0.0 :0.7920477825043152 :0.20795221749568485 ], [p=:0.0 :0.7920215560868697 :0.2079784439131303 ], [p=:0.0 :0.7920143697720103 :0.20798563022798972 ]]]
HMM [a=[0.5955876483000352,0.2481615200655151,0.1562508316344497,0.3474261276094713,0.4963230405980805,0.1562508317924482,0.1418890356835248,0.3121558793729638,0.5459550849435114,], pi=[0.6965913638043887,0.19899963930402642,0.10440899689158493,], numStates=3b=[[p=:0.0 :0.7920522123962792 :0.2079477876037208 ], [p=:0.0 :0.7920197545835581 :0.2079802454164419 ], [p=:0.0 :0.7920100609876957 :0.20798993901230434 ]]]
HMM [a=[0.5955876483590999,0.2481615199570423,0.1562508316838578,0.347426127345822,0.4963230406857721,0.1562508319684059,0.1418890354493359,0.3121558792576796,0.5459550852929845,], pi=[0.6966038603360504,0.19899296238936937,0.10440317727458029,], numStates=3b=[[p=:0.0 :0.7920572240589377 :0.2079427759410622 ], [p=:0.0 :0.7920178231602135 :0.2079821768397865 ], [p=:0.0 :0.7920050397382677 :0.20799496026173228 ]]]
HMM [a=[0.595587648492796,0.2481615197825273,0.1562508317246767,0.3474261270147345,0.4963230407803155,0.15625083220495,0.1418890351320228,0.3121558790868349,0.5459550857811423,], pi=[0.6966191556805279,0.19898489334632544,0.10439595097314669,], numStates=3b=[[p=:0.0 :0.7920628978686428 :0.20793710213135716 ], [p=:0.0 :0.7920157541265841 :0.2079842458734159 ], [p=:0.0 :0.79199919349113 :0.20800080650887004 ]]]
HMM [a=[0.5955876487375306,0.2481615195154912,0.1562508317469782,0.3474261266049997,0.4963230408751198,0.1562508325198805,0.1418890347052983,0.3121558788372024,0.5459550864574994,], pi=[0.6966376131067451,0.19897528361212113,0.1043871032811338,], numStates=3b=[[p=:0.0 :0.7920693256871787 :0.2079306743128213 ], [p=:0.0 :0.792013539638548 :0.20798646036145194 ], [p=:0.0 :0.7919923923344659 :0.20800760766553408 ]]]
HMM [a=[0.5955876491417714,0.2481615191211826,0.156250831737046,0.3474261261037258,0.4963230409598821,0.1562508329363921,0.1418890341341091,0.3121558784765068,0.545955087389384,], pi=[0.696659645595768,0.19896396739574712,0.10437638700848491,], numStates=3b=[[p=:0.0 :0.7920766125380646 :0.20792338746193534 ], [p=:0.0 :0.7920111717619083 :0.2079888282380917 ], [p=:0.0 :0.7919844863221972 :0.20801551367780274 ]]]
HMM [a=[0.5955876497697048,0.2481615185541281,0.156250831676167,0.3474261254961428,0.4963230410191281,0.1562508334847291,0.1418890333717053,0.3121558779600593,0.5459550886682354,], pi=[0.6966857228816163,0.198950759518041,0.10436351760034267,], numStates=3b=[[p=:0.0 :0.7920848785307555 :0.20791512146924454 ], [p=:0.0 :0.7920086425539915 :0.20799135744600844 ], [p=:0.0 :0.7919753024148015 :0.20802469758519848 ]]]
HMM [a=[0.5955876507059775,0.2481615177549631,0.1562508315390594,0.347426124765407,0.4963230410302409,0.1562508342043521,0.1418890323557353,0.3121558772261816,0.5459550904180831,], pi=[0.6967163795079585,0.1989354529632519,0.10434816752878956,], numStates=3b=[[p=:0.0 :0.7920942610697355 :0.20790573893026454 ], [p=:0.0 :0.7920059441667162 :0.2079940558332838 ], [p=:0.0 :0.7919646409542931 :0.20803535904570697 ]]]
HMM [a=[0.595587652061845,0.2481615166463283,0.1562508312918267,0.3474261238924178,0.4963230409608083,0.156250835146774,0.1418890310030467,0.3121558761899996,0.5459550928069536,], pi=[0.6967522240479317,0.19891781610169845,0.1043299598503698,], numStates=3b=[[p=:0.0 :0.792104917391072 :0.207895082608928 ], [p=:0.0 :0.7920030689755226 :0.2079969310244773 ], [p=:0.0 :0.7919522716021368 :0.20804772839786317 ]]]
HMM [a=[0.595587653983144,0.2481615151275564,0.1562508308892996,0.3474261228556638,0.4963230407650608,0.1562508363792753,0.1418890292027646,0.3121558747350353,0.5459550960622,], pi=[0.6967939496554113,0.19889758953727618,0.10430846080731253,], numStates=3b=[[p=:0.0 :0.7921170274754123 :0.20788297252458768 ], [p=:0.0 :0.7920000097394471 :0.20799999026055294 ], [p=:0.0 :0.7919379286578171 :0.20806207134218294 ]]]
HMM [a=[0.5955876566606318,0.2481615130677862,0.1562508302715819,0.347426121631128,0.4963230403791004,0.1562508379897716,0.1418890268070816,0.3121558727018352,0.5459551004910832,], pi=[0.6968423461400363,0.19887448252683676,0.10428317133312696,], numStates=3b=[[p=:0.0 :0.7921307973938103 :0.20786920260618974 ], [p=:0.0 :0.7919967597986987 :0.2080032402013014 ], [p=:0.0 :0.7919213056629619 :0.2080786943370381 ]]]
HMM [a=[0.5955876603434012,0.2481615102970364,0.1562508293595624,0.3474261201922879,0.4963230397145205,0.1562508400931916,0.1418890236190053,0.3121558698726122,0.5459551065083825,], pi=[0.6968983137855235,0.19884816891071713,0.10425351730375938,], numStates=3b=[[p=:0.0 :0.7921464631513072 :0.20785353684869282 ], [p=:0.0 :0.7919933133174233 :0.20800668668257674 ], [p=:0.0 :0.7919020491810345 :0.20809795081896557 ]]]
HMM [a=[0.5955876653562874,0.2481615065946269,0.1562508280490857,0.3474261185102719,0.4963230386498896,0.1562508428398385,0.1418890193760634,0.3121558659505267,0.5459551146734098,], pi=[0.6969628791616629,0.198818282484774,0.10421883835356313,], numStates=3b=[[p=:0.0 :0.7921642951030465 :0.2078357048969535 ], [p=:0.0 :0.7919896655809586 :0.20801033441904138 ], [p=:0.0 :0.7918797516252782 :0.2081202483747218 ]]]
HMM [a=[0.5955876721224708,0.248161501674151,0.1562508262033782,0.34742611655425,0.4963230370193974,0.1562508464263526,0.1418890137286385,0.3121558605317708,0.5459551257395906,], pi=[0.6970372132152756,0.19878441173400113,0.10417837505072336,], numStates=3b=[[p=:0.0 :0.7921846030290847 :0.2078153969709154 ], [p=:0.0 :0.7919858133588898 :0.20801418664111013 ], [p=:0.0 :0.7918539429874202 :0.2081460570125798 ]]]
HMM [a=[0.595587681192835,0.24816149516396,0.156250823643205,0.3474261142921764,0.4963230345977354,0.1562508511100881,0.1418890062111677,0.3121558530679907,0.5459551407208416,], pi=[0.6971226519647589,0.19874609383594452,0.10413125419929659,], numStates=3b=[[p=:0.0 :0.792207741967217 :0.207792258032783 ], [p=:0.0 :0.7919817553476995 :0.20801824465230048 ], [p=:0.0 :0.7918240812960778 :0.20817591870392219 ]]]
HMM [a=[0.595587693284121,0.2481614865818054,0.1562508201340735,0.3474261116920462,0.4963230310799823,0.1562508572279715,0.1418889962038657,0.3121558428157521,0.5459551609803822,], pi=[0.6972207201670576,0.19870280782843644,0.10407647200450593,], numStates=3b=[[p=:0.0 :0.7922341189183585 :0.20776588108164146 ], [p=:0.0 :0.791977492709898 :0.20802250729010197 ], [p=:0.0 :0.7917895416062634 :0.2082104583937366 ]]]
HMM [a=[0.5955877093285423,0.248161475301869,0.1562508153695887,0.3474261087238938,0.4963230260548646,0.1562508652212417,0.1418889828818602,0.3121558287686354,0.5459551883495044,], pi=[0.6973331583753942,0.19865396682033207,0.10401287480427376,], numStates=3b=[[p=:0.0 :0.7922642005566395 :0.20773579944336054 ], [p=:0.0 :0.791973029730392 :0.20802697026960804 ], [p=:0.0 :0.7917496032890851 :0.2082503967109149 ]]]
HMM [a=[0.5955877305383405,0.2481614605118709,0.1562508089497885,0.347426105362854,0.4963230189692336,0.1562508756679124,0.1418889651476086,0.3121558095660558,0.5459552252863356,], pi=[0.6974619538612276,0.1985989091056047,0.10393913703316773,], numStates=3b=[[p=:0.0 :0.7922985220968057 :0.20770147790319426 ], [p=:0.0 :0.7919683746157115 :0.2080316253842886 ], [p=:0.0 :0.791703435352795 :0.20829656464720497 ]]]
HMM [a=[0.5955877584898375,0.248161441157237,0.1562508003529254,0.3474261015937305,0.4963230090808986,0.1562508893253709,0.1418889415411084,0.3121557833709067,0.5459552750879849,], pi=[0.6976093759349629,0.19853688801990924,0.10385373604512789,], numStates=3b=[[p=:0.0 :0.7923376974952183 :0.20766230250478163 ], [p=:0.0 :0.7919635404678607 :0.20803645953213934 ], [p=:0.0 :0.7916500794816216 :0.2083499205183784 ]]]
HMM [a=[0.5955877952329443,0.2481614158683781,0.1562507888986777,0.3474260974176941,0.4963229953960234,0.1562509071862825,0.1418889101206124,0.3121557477054538,0.5459553421739337,], pi=[0.6977780162670362,0.19846706035406683,0.10375492337889698,], numStates=3b=[[p=:0.0 :0.7923824311882947 :0.20761756881170534 ], [p=:0.0 :0.7919585464723465 :0.20804145352765344 ], [p=:0.0 :0.791588430425981 :0.20841156957401896 ]]]
HMM [a=[0.595587843433941,0.2481613828659189,0.1562507737001401,0.3474260928619793,0.4963229765860625,0.1562509305519582,0.1418888683041599,0.3121556992313304,0.5459554324645097,], pi=[0.697970834884059,0.19838847311026478,0.1036406920056763,], numStates=3b=[[p=:0.0 :0.7924335316042957 :0.20756646839570422 ], [p=:0.0 :0.7919534193498637 :0.20804658065013623 ], [p=:0.0 :0.7915172133150048 :0.2084827866849952 ]]]
HMM [a=[0.5955879065617782,0.2481613398371209,0.1562507536011009,0.3474260879937893,0.496322950877572,0.1562509611286387,0.1418888126590482,0.312155633454691,0.5459555538862608,], pi=[0.6981912125932802,0.1983000483534133,0.10350873905330654,], numStates=3b=[[p=:0.0 :0.79249192672174 :0.20750807327825999 ], [p=:0.0 :0.7919481951338133 :0.20805180486618663 ], [p=:0.0 :0.7914349573877625 :0.20856504261223754 ]]]
HMM [a=[0.5955879891313537,0.2481612837746572,0.1562507270939892,0.347426082940102,0.4963229159060576,0.1562510011538405,0.141888738622123,0.3121555443311604,0.5459557170467166,], pi=[0.6984430106717793,0.1982005658712272,0.1033564234569935,], numStates=3b=[[p=:0.0 :0.7925586819913719 :0.20744131800862806 ], [p=:0.0 :0.791942921352143 :0.20805707864785702 ], [p=:0.0 :0.7913399655504975 :0.20866003444950249 ]]]
HMM [a=[0.5955880970214587,0.2481612107661571,0.1562506922123842,0.3474260779157412,0.4963228685221334,0.1562510535621253,0.1418886401281089,0.3121554237365915,0.5459559361352996,], pi=[0.6987306387428593,0.19808864331124473,0.10318071794589594,], numStates=3b=[[p=:0.0 :0.7926350209896976 :0.20736497901030235 ], [p=:0.0 :0.7919376597130375 :0.20806234028696244 ], [p=:0.0 :0.7912302790603699 :0.20876972093963006 ]]]
HMM [a=[0.5955882378906726,0.2481611157193535,0.1562506463899739,0.3474260732630324,0.4963228045344266,0.156251122202541,0.1418885091156628,0.3121552607580713,0.5459562301262659,], pi=[0.6990591318483796,0.19796271341001656,0.10297815474160375,], numStates=3b=[[p=:0.0 :0.7927223492320006 :0.20727765076799945 ], [p=:0.0 :0.7919324894212343 :0.20806751057876574 ], [p=:0.0 :0.7911036365075139 :0.20889636349248605 ]]]
HMM [a=[0.595588421721882,0.2481609920029555,0.1562505862751625,0.3474260695077018,0.496322718368556,0.1562512121237422,0.1418883348707743,0.3121550407440378,0.5459566243851879,], pi=[0.6994342378080928,0.19782099786777918,0.10274476432412807,], numStates=3b=[[p=:0.0 :0.792822281643168 :0.20717771835683194 ], [p=:0.0 :0.7919275112871471 :0.20807248871285294 ], [p=:0.0 :0.7909574261114906 :0.20904257388850941 ]]]
HMM [a=[0.5955886615359017,0.2481608309771982,0.1562505074869001,0.3474260674375923,0.4963226026147201,0.1562513299476876,0.1418881031536982,0.3121547440313969,0.5459571528149049,], pi=[0.6998625160292569,0.197661477349551,0.1024760066211921,], numStates=3b=[[p=:0.0 :0.7929366742676306 :0.20706332573236938 ], [p=:0.0 :0.7919228528371826 :0.20807714716281744 ], [p=:0.0 :0.7907886301588645 :0.20921136984113556 ]]]
HMM [a=[0.5955889743276774,0.2481606213799294,0.1562504042923932,0.347426068213486,0.4963224474273785,0.1562514843591355,0.1418877950376392,0.3121543442392229,0.5459578607231379,], pi=[0.7003514489829202,0.1974818570090483,0.10216669400803145,], numStates=3b=[[p=:0.0 :0.7930676608977324 :0.2069323391022676 ], [p=:0.0 :0.7919186746941064 :0.2080813253058936 ], [p=:0.0 :0.7905937601772838 :0.20940623982271622 ]]]
HMM [a=[0.59558938229585,0.2481603485234803,0.1562502691806697,0.3474260735252245,0.4963222397284497,0.1562516867463258,0.1418873853633527,0.3121538059803611,0.5459588086562861,], pi=[0.7009095675844673,0.19727952683324065,0.10181090558229206,], numStates=3b=[[p=:0.0 :0.7932176954159377 :0.20678230458406233 ], [p=:0.0 :0.7919151785757726 :0.20808482142422732 ], [p=:0.0 :0.7903687811573791 :0.20963121884262098 ]]]
HMM [a=[0.5955899144595087,0.2481599932436683,0.156250092296823,0.3474260858119225,0.4963219621493603,0.1562519520387173,0.1418868406815732,0.312153081790405,0.5459600775280218,], pi=[0.701546591687169,0.19705151599080475,0.10140189232202625,], numStates=3b=[[p=:0.0 :0.7933896007841105 :0.20661039921588958 ], [p=:0.0 :0.7919126173652664 :0.20808738263473356 ], [p=:0.0 :0.7901090227832831 :0.20989097721671687 ]]]
HMM [a=[0.5955906087867492,0.2481595305240721,0.1562498606891787,0.3474261085731748,0.4963215916258049,0.1562522998010203,0.1418861165118682,0.3121521080030981,0.5459617754850337,], pi=[0.7022735867932125,0.19679444023533102,0.10093197297145648,], numStates=3b=[[p=:0.0 :0.793586625777148 :0.20641337422285197 ], [p=:0.0 :0.7919113078440496 :0.2080886921559504 ], [p=:0.0 :0.7898090751979675 :0.21019092480203247 ]]]
HMM [a=[0.5955915150008746,0.2481589276949069,0.1562495573042185,0.3474261468099282,0.4963210975303962,0.1562527556596756,0.1418851536882558,0.3121507992053018,0.5459640471064424,], pi=[0.7031031378717937,0.1965044412624271,0.1003924208657792,], numStates=3b=[[p=:0.0 :0.7938125107538914 :0.2061874892461086 ], [p=:0.0 :0.7919116468635706 :0.20808835313642932 ], [p=:0.0 :0.7894626662881692 :0.21053733371183084 ]]]
HMM [a=[0.595592698285423,0.2481581420747149,0.1562491596398621,0.3474262076508696,0.4963204391900544,0.156253353159076,0.1418838734834073,0.3121490407736516,0.5459670857429411,], pi=[0.70404954079976,0.19617711674832297,0.09977334245191706,], numStates=3b=[[p=:0.0 :0.7940715639919269 :0.2059284360080731 ], [p=:0.0 :0.7919141319756524 :0.20808586802434756 ], [p=:0.0 :0.7890625167962202 :0.2109374832037798 ]]]
HMM [a=[0.595594244183725,0.2481571178825266,0.1562486379337483,0.3474263012453941,0.4963195625837612,0.1562541361708448,0.1418821710972474,0.3121466788154727,0.5459711500872799,], pi=[0.7051290113403728,0.19580743960753175,0.09906354905209552,], numStates=3b=[[p=:0.0 :0.7943687503922543 :0.20563124960774565 ], [p=:0.0 :0.7919193878691386 :0.20808061213086138 ], [p=:0.0 :0.7886001687149761 :0.211399831285024 ]]]
HMM [a=[0.595596265089344,0.2481557821954121,0.1562479527152438,0.3474264420413867,0.4963183959478479,0.1562551620107654,0.1418799069523468,0.3121435065896103,0.5459765864580429,], pi=[0.706359910659168,0.19538966480320874,0.09825042453762324,], numStates=3b=[[p=:0.0 :0.7947097946936029 :0.2052902053063971 ], [p=:0.0 :0.791928200398903 :0.20807179960109695 ], [p=:0.0 :0.7880657813490389 :0.21193421865096104 ]]]
HMM [a=[0.5955989088601366,0.2481540396580375,0.1562470514818259,0.3474266506211557,0.4963168439245876,0.1562565054542567,0.1418768950441101,0.3121392461420427,0.5459838588138471,], pi=[0.7077629850194445,0.19491722183644317,0.09731979314411232,], numStates=3b=[[p=:0.0 :0.7951013017341727 :0.20489869826582727 ], [p=:0.0 :0.791941560583337 :0.20805843941666305 ], [p=:0.0 :0.7874478880690583 :0.21255211193094165 ]]]
HMM [a=[0.5956023702741124,0.2481517655628515,0.1562458641630361,0.3474269563509462,0.4963147797680339,0.1562582638810199,0.1418728873297906,0.3121335234190541,0.5459935892511553,], pi=[0.7093616153377006,0.19438259084967044,0.09625579381262897,], numStates=3b=[[p=:0.0 :0.7955508967707978 :0.20444910322920212 ], [p=:0.0 :0.7919607217426795 :0.20803927825732052 ], [p=:0.0 :0.7867331050682715 :0.2132668949317284 ]]]
HMM [a=[0.5956069062983089,0.2481487968070253,0.1562442968946658,0.3474274012224037,0.4963120349591842,0.1562605638184121,0.1418675527813883,0.3121258344643192,0.5460066127542925,], pi=[0.7111820694897331,0.19377716013994697,0.09504077037032002,], numStates=3b=[[p=:0.0 :0.7960673894208306 :0.2039326105791695 ], [p=:0.0 :0.7919872740284739 :0.20801272597152615 ], [p=:0.0 :0.7859057812547869 :0.2140942187452131 ]]]
HMM [a=[0.5956128564883452,0.2481449200900032,0.1562422234216516,0.3474280454493978,0.4963083853686054,0.1562635691819968,0.1418604492388317,0.3121154993902881,0.5460240513708802,], pi=[0.7132537463480816,0.19309106284968156,0.09365519080223686,], numStates=3b=[[p=:0.0 :0.7966609654350725 :0.20333903456492755 ], [p=:0.0 :0.7920232420577911 :0.20797675794220896 ], [p=:0.0 :0.7849475756617956 :0.21505242433820432 ]]]
HMM [a=[0.5956206703122754,0.2481398565384643,0.1562394731492604,0.3474289756635244,0.4963035328242861,0.1562674915121895,0.1418509855346233,0.3121015995321086,0.5460474149332681,], pi=[0.7156093951191401,0.19231299078348718,0.09207761409737272,], numStates=3b=[[p=:0.0 :0.797343411235336 :0.20265658876466391 ], [p=:0.0 :0.792071213357147 :0.20792878664285297 ], [p=:0.0 :0.7838369452941238 :0.21616305470587616 ]]]
HMM [a=[0.5956309438480979,0.248133241730474,0.1562358144214281,0.3474303169770522,0.4962970805799925,0.1562726024429552,0.1418383704567668,0.3120828913932373,0.546078738149996,], pi=[0.7182852861455685,0.19142998384687512,0.09028473000755631,], numStates=3b=[[p=:0.0 :0.7981283769309694 :0.20187162306903061 ], [p=:0.0 :0.7921345080349423 :0.20786549196505769 ], [p=:0.0 :0.7825485220063825 :0.2174514779936175 ]]]
HMM [a=[0.5956444692096748,0.2481245998395277,0.1562309309507975,0.3474322508316843,0.4962885007209219,0.1562792484473937,0.1418215438917185,0.3120576884643909,0.5461207676438906,], pi=[0.7213212993411523,0.1904271947614445,0.08825150589740315,], numStates=3b=[[p=:0.0 :0.7990316842963604 :0.20096831570363966 ], [p=:0.0 :0.7922174038011468 :0.20778259619885314 ], [p=:0.0 :0.7810523516937978 :0.21894764830620217 ]]]
HMM [a=[0.5956623013069873,0.2481133103455196,0.1562243883474931,0.3474350415474132,0.4962770909845154,0.1562878674680714,0.1417990838413585,0.3120236984492417,0.5461772177093998,], pi=[0.72476088311321,0.18928763086045133,0.08595148602633865,], numStates=3b=[[p=:0.0 :0.8000716867979261 :0.1999283132020739 ], [p=:0.0 :0.792325435488687 :0.20767456451131303 ], [p=:0.0 :0.7793129627135967 :0.2206870372864033 ]]]
HMM [a=[0.5956858482734846,0.2480985655007378,0.1562155862257776,0.3474390760177137,0.4962619178367444,0.1562990061455418,0.1417690808200139,0.3119777984679386,0.5462531207120475,], pi=[0.7286508192150539,0.1879918784793499,0.08335730230559615,], numStates=3b=[[p=:0.0 :0.8012696889080142 :0.1987303110919858 ], [p=:0.0 :0.7924657950521145 :0.20753420494788555 ], [p=:0.0 :0.7772882231821834 :0.22271177681781662 ]]]
HMM [a=[0.5957169942653413,0.2480793165790162,0.1562036891556424,0.3474449233590837,0.4962417420116738,0.1563133346292425,0.1417289682970442,0.3119157239300824,0.5463553077728734,], pi=[0.7330407067208191,0.1865178215714075,0.08044147170777341,], numStates=3b=[[p=:0.0 :0.8026504310651477 :0.1973495689348523 ], [p=:0.0 :0.7926478671680827 :0.2073521328319174 ], [p=:0.0 :0.774927939199573 :0.2250720608004269 ]]]
HMM [a=[0.5957582665617286,0.2480542070486478,0.1561875263896236,0.3474534249653623,0.4962149223122956,0.156331652722342,0.141675294308348,0.3118316373920938,0.5464930682995582,], pi=[0.7379820508023869,0.1848403759103155,0.07717757328729763,], numStates=3b=[[p=:0.0 :0.8042426436673431 :0.19575735633265687 ], [p=:0.0 :0.7928839476100598 :0.20711605238994021 ], [p=:0.0 :0.7721721396686254 :0.22782786033137462 ]]]
HMM [a=[0.5958130631888608,0.2480214915335555,0.1561654452775836,0.3474658310205719,0.4961792937784369,0.1563548752009912,0.1416034152713318,0.3117175313303277,0.5466790533983406,], pi=[0.7435268096167905,0.18293127526706554,0.07354191511614397,], numStates=3b=[[p=:0.0 :0.8060796664463281 :0.19392033355367191 ], [p=:0.0 :0.7931902069099336 :0.20680979309006642 ], [p=:0.0 :0.7689489916255673 :0.2310510083744327 ]]]
HMM [a=[0.5958859627883474,0.2479789414010396,0.1561350958106131,0.3474840080813874,0.4961320184021222,0.1563839735164903,0.1415070890779744,0.3115624033625787,0.5469305075594469,], pi=[0.749725217557925,0.18075896846510334,0.0695158139769717,], numStates=3b=[[p=:0.0 :0.8082001148697455 :0.19179988513025448 ], [p=:0.0 :0.7935879801321363 :0.20641201986786376 ], [p=:0.0 :0.7651722999782631 :0.2348277000217369 ]]]
HMM [a=[0.5959831449551786,0.2479237422025254,0.1560931128422961,0.3475107552115918,0.4960694125352716,0.1564198322531366,0.1413779425842335,0.3113511256169915,0.547270931798775,], pi=[0.7566226709553137,0.17828871885336078,0.06508861019132559,], numStates=3b=[[p=:0.0 :0.8106485463825983 :0.1893514536174017 ], [p=:0.0 :0.794105482579902 :0.20589451742009807 ], [p=:0.0 :0.760738581285125 :0.23926141871487505 ]]]
HMM [a=[0.596112955645356,0.24785239704302,0.156034647311624,0.3475502849514483,0.4959867691173387,0.1564629459312129,0.1412047931254857,0.3110629173748437,0.5477322894996706,], pi=[0.7642554445744227,0.1754830430933263,0.06026151233225093,], numStates=3b=[[p=:0.0 :0.8134760248854785 :0.1865239751145215 ], [p=:0.0 :0.7947800638753175 :0.20521993612468248 ], [p=:0.0 :0.7555237893221338 :0.24447621067786618 ]]]
HMM [a=[0.5962866550303167,0.247760666681068,0.1559526782886153,0.3476089513545146,0.4958782225221977,0.1565128261232877,0.1409728244241733,0.3106693371255099,0.5483578384503169,], pi=[0.7726450253789187,0.17230268556977246,0.055052289051308934,], numStates=3b=[[p=:0.0 :0.8167403822386649 :0.18325961776133515 ], [p=:0.0 :0.795661101431587 :0.20433889856841297 ], [p=:0.0 :0.7493799590065559 :0.25062004099344415 ]]]
HMM [a=[0.5965193755670082,0.2476436069772345,0.1558370174557573,0.3476963391121201,0.4957367625265619,0.156566898361318,0.1406626741021532,0.3101317729006583,0.5492055529971887,], pi=[0.7817909401300782,0.16870839549704963,0.04950066437287214,], numStates=3b=[[p=:0.0 :0.8205057989968628 :0.17949420100313723 ], [p=:0.0 :0.7968135590347665 :0.20318644096523358 ], [p=:0.0 :0.7421324070945139 :0.25786759290548616 ]]]
HMM [a=[0.5968312760229162,0.2474958138026057,0.1556729101744781,0.3478268558184487,0.4955546122598252,0.1566185319217262,0.1402496203186497,0.3093986054403573,0.550351774240993,], pi=[0.791662171230045,0.16466384364509784,0.043673985124857206,], numStates=3b=[[p=:0.0 :0.8248410271683589 :0.17515897283164103 ], [p=:0.0 :0.7983220146247586 :0.20167798537524143 ], [p=:0.0 :0.7335788083083987 :0.2664211916916013 ]]]
HMM [a=[0.5972487613234638,0.2473120589577411,0.155439179718795,0.3480219623612254,0.4953243671685593,0.1566536704702153,0.1397033204911109,0.3084026949668755,0.5518939845420135,], pi=[0.8021876763462579,0.16014005298584436,0.03767227066789779,], numStates=3b=[[p=:0.0 :0.8298151066637154 :0.17018489333628462 ], [p=:0.0 :0.8002944394016751 :0.19970556059832495 ], [p=:0.0 :0.7234926021943853 :0.2765073978056148 ]]]
HMM [a=[0.5978053737464644,0.2470885872157804,0.1551060390377552,0.3483130546636325,0.495041552013446,0.1566453933229215,0.1389890325201873,0.307060833341344,0.5539501341384686,], pi=[0.8132472329500621,0.1551216567465675,0.031631110303370444,], numStates=3b=[[p=:0.0 :0.8354887872428081 :0.16451121275719188 ], [p=:0.0 :0.8028639464552039 :0.19713605354479613 ], [p=:0.0 :0.7116348242219527 :0.28836517577804727 ]]]
HMM [a=[0.598541446504753,0.2468253866379658,0.154633166857281,0.3487446093673357,0.4947094983366232,0.1565458922960411,0.1380719577283066,0.305278539253484,0.5566495030182094,], pi=[0.8246648559816441,0.1496150221206406,0.025720121897715272,], numStates=3b=[[p=:0.0 :0.8418992798958957 :0.1581007201041043 ], [p=:0.0 :0.8061848797449305 :0.1938151202550695 ], [p=:0.0 :0.6977801457846049 :0.3022198542153951 ]]]
HMM [a=[0.5995008095863197,0.2465295832964907,0.1539696071171896,0.3493762814468238,0.4943473199172238,0.1562763986359525,0.1369270124502473,0.3029658337276926,0.5601071538220601,], pi=[0.8362082590766724,0.14365762174265043,0.020134119180677222,], numStates=3b=[[p=:0.0 :0.8490362201570841 :0.15096377984291584 ], [p=:0.0 :0.8104171766150948 :0.18958282338490515 ], [p=:0.0 :0.681762882667037 :0.31823711733296295 ]]]
HMM [a=[0.600722094686207,0.2462194641277788,0.1530584411860143,0.3502810904303263,0.4940004661530368,0.1557184434166369,0.1355559462839259,0.3000706106963487,0.5643734430197254,], pi=[0.8475987375626979,0.1373268510264563,0.015074411410845786,], numStates=3b=[[p=:0.0 :0.8568096058212776 :0.14319039417872242 ], [p=:0.0 :0.8156916611125186 :0.1843083388874814 ], [p=:0.0 :0.663543037234366 :0.336456962765634 ]]]
HMM [a=[0.6022227954495094,0.2459272972888623,0.1518499072616282,0.3515354386123525,0.4937499409746423,0.1547146204130052,0.134010308094754,0.2966312395760892,0.5693584523291568,], pi=[0.8585352916348027,0.13074488988723218,0.01071981847796517,], numStates=3b=[[p=:0.0 :0.8650181586304961 :0.13498184136950386 ], [p=:0.0 :0.8220535074870086 :0.17794649251299147 ], [p=:0.0 :0.6432764887767275 :0.3567235112232725 ]]]
HMM [a=[0.6039784264447086,0.2456976795987876,0.1503238939565038,0.3531981354867876,0.4937116450089978,0.1530902195042147,0.1324111011770073,0.2928338363087353,0.5747550625142575,], pi=[0.8687330817875879,0.12407502448888638,0.0071918937235257,], numStates=3b=[[p=:0.0 :0.8733379139989571 :0.1266620860010429 ], [p=:0.0 :0.8293973314035997 :0.17060266859640025 ], [p=:0.0 :0.6213504618872379 :0.37864953811276214 ]]]
HMM [a=[0.6059072101276185,0.2455786116103034,0.148514178262078,0.3552831238411346,0.4940168456452662,0.1507000305135993,0.1309484545245989,0.2890375324849106,0.5800140129904905,], pi=[0.8779685825487114,0.11750590733037952,0.004525510120909163,], numStates=3b=[[p=:0.0 :0.8813552944377675 :0.11864470556223253 ], [p=:0.0 :0.8374311686234078 :0.16256883137659214 ], [p=:0.0 :0.598338017419075 :0.40166198258092495 ]]]
HMM [a=[0.6078758761413438,0.2456067691144034,0.146517354744253,0.3577414695001815,0.4947754323052493,0.1474830981945693,0.1298487996035735,0.2857291070373329,0.5844220933590936,], pi=[0.8861152541701155,0.11122518946604153,0.002659556363842992,], numStates=3b=[[p=:0.0 :0.8886504471826137 :0.11134955281738629 ], [p=:0.0 :0.8457121187542854 :0.1542878812457146 ], [p=:0.0 :0.5748627874967543 :0.4251372125032456 ]]]
HMM [a=[0.6097331576157384,0.2457941643686734,0.1444726780155882,0.3604693228273434,0.4960405430926501,0.1434901340800065,0.1293177152873541,0.2834088693288552,0.5872734153837907,], pi=[0.8931525741462657,0.1053910890168701,0.0014563368368642378,], numStates=3b=[[p=:0.0 :0.8948990337073052 :0.10510096629269484 ], [p=:0.0 :0.8537571912295272 :0.14624280877047274 ], [p=:0.0 :0.5514324699753006 :0.44856753002469935 ]]]
HMM [a=[0.611356373058098,0.2461241780716815,0.1425194488702206,0.3633414291460615,0.4977967431306216,0.1388618277233168,0.1294861522631076,0.2824636138034451,0.5880502339334474,], pi=[0.899143753036698,0.10011358199140542,7.42664971896597E-4,], numStates=3b=[[p=:0.0 :0.899940409209584 :0.1000595907904161 ], [p=:0.0 :0.8611736367344964 :0.1388263632655036 ], [p=:0.0 :0.528327570036582 :0.4716724299634179 ]]]
HMM [a=[0.6126845270652449,0.2465586479029701,0.140756825031785,0.3662496115947736,0.4999762562442207,0.1337741321610057,0.1303843683170291,0.2830908528553961,0.5865247788275749,], pi=[0.9041954297300593,0.09545164787018688,3.5292239975378523E-4,], numStates=3b=[[p=:0.0 :0.9037831857592982 :0.09621681424070185 ], [p=:0.0 :0.8677382302191448 :0.13226176978085524 ], [p=:0.0 :0.5055877886025596 :0.49441221139744046 ]]]
HMM [a=[0.6137225614126036,0.2470505299792115,0.1392269086081849,0.3691248404471852,0.5024882277958125,0.1283869317570023,0.131947073982174,0.2852957343180299,0.5827571916997961,], pi=[0.9084198701652281,0.09142368344953997,1.564463852319218E-4,], numStates=3b=[[p=:0.0 :0.9065607748064307 :0.09343922519356929 ], [p=:0.0 :0.8733995020659397 :0.12660049793406028 ], [p=:0.0 :0.48307475449918186 :0.5169252455008181 ]]]
HMM [a=[0.6145223141435309,0.2475550453369201,0.137922640519549,0.3719378178182888,0.5052434613910186,0.1228187207906927,0.1340373021234176,0.2889381327064725,0.5770245651701099,], pi=[0.9119122419417092,0.08802301952892642,6.473852936446272E-5,], numStates=3b=[[p=:0.0 :0.9084700412477371 :0.09152995875226289 ], [p=:0.0 :0.8782278338466475 :0.12177216615335253 ], [p=:0.0 :0.4605630315765497 :0.5394369684234503 ]]]
HMM [a=[0.6151561694793277,0.2480356272173555,0.1368082033033168,0.3746868709286691,0.5081671505086856,0.1171459785626454,0.1364745848783586,0.2937952347404976,0.5697301803811436,], pi=[0.9147431969719668,0.08523179704830919,2.5005979724004868E-5,], numStates=3b=[[p=:0.0 :0.9097192655630383 :0.09028073443696172 ], [p=:0.0 :0.8823533133241301 :0.11764668667586987 ], [p=:0.0 :0.437821689072934 :0.562178310927066 ]]]
HMM [a=[0.6156959002868772,0.2484649259056819,0.135839173807441,0.3773839079254173,0.5112013725356648,0.1114147195389179,0.1390589317047246,0.2996162165163666,0.5613248517789088,], pi=[0.9169604927109354,0.08303050110593925,9.006183125323007E-6,], numStates=3b=[[p=:0.0 :0.9104953840521963 :0.08950461594780366 ], [p=:0.0 :0.885917130513169 :0.114082869486831 ], [p=:0.0 :0.4146700186026988 :0.5853299813973012 ]]]
HMM [a=[0.6162009060727713,0.2488229415226392,0.1349761524045895,0.3800442146000726,0.5143021722727467,0.1056536131271808,0.1415881542250363,0.3061606551150745,0.5522511906598891,], pi=[0.9185935322277561,0.08140344976265768,3.0180095861980994E-6,], numStates=3b=[[p=:0.0 :0.910949078943117 :0.089050921056883 ], [p=:0.0 :0.8890435880449833 :0.1109564119550167 ], [p=:0.0 :0.39100663922698387 :0.6089933607730161 ]]]
HMM [a=[0.6167143549648394,0.2490942577441907,0.1341913872909699,0.3826810165598349,0.5174351057902458,0.09988387764991925,0.1438693826597882,0.3132214586351922,0.5429091587050195,], pi=[0.9196574635798852,0.0803415984046238,9.380154910215207E-7,], numStates=3b=[[p=:0.0 :0.9111921181046083 :0.08880788189539165 ], [p=:0.0 :0.891829108013657 :0.10817089198634303 ], [p=:0.0 :0.36681817404493194 :0.6331818259550681 ]]]
HMM [a=[0.6172639892174117,0.2492655421648964,0.133470468617692,0.3853035067069271,0.5205712742650404,0.09412521902803257,0.1457265420062791,0.3206361413059851,0.533637316687736,], pi=[0.920155814149269,0.07984391654545538,2.6930527561654213E-7,], numStates=3b=[[p=:0.0 :0.9113014852604473 :0.08869851473955268 ], [p=:0.0 :0.8943418130409543 :0.10565818695904573 ], [p=:0.0 :0.34217470753080276 :0.6578252924691973 ]]]
HMM [a=[0.617864867870651,0.249323759249933,0.1328113728794159,0.3879167614163068,0.5236845549526915,0.08839868363100171,0.1470052891777872,0.3282900750729846,0.5247046357492282,], pi=[0.9200817722511014,0.07991815667175406,7.107714444906906E-8,], numStates=3b=[[p=:0.0 :0.9113264299256374 :0.08867357007436259 ], [p=:0.0 :0.8966263190911614 :0.10337368090883856 ], [p=:0.0 :0.3172177456432946 :0.6827822543567054 ]]]
HMM [a=[0.61852242155219,0.2492551279127752,0.1322224505350348,0.3905224284015541,0.5267500663130961,0.08272750528534983,0.1475763479366676,0.3361142708004381,0.5163093812628943,], pi=[0.9194185214125192,0.08058146143605571,1.715142500230676E-8,], numStates=3b=[[p=:0.0 :0.9112961383068994 :0.08870386169310063 ], [p=:0.0 :0.8987103220725441 :0.10128967792745588 ], [p=:0.0 :0.2921445148423165 :0.7078554851576835 ]]]
HMM [a=[0.6192350889395607,0.2490446820329391,0.1317202290275001,0.3931195749242459,0.5297436369330836,0.07713678814267048,0.1473377398876482,0.3440794047641939,0.508582855348158,], pi=[0.9181389675657282,0.08186102867261129,3.761660485500201E-9,], numStates=3b=[[p=:0.0 :0.9112268354837618 :0.08877316451623814 ], [p=:0.0 :0.9006111405618017 :0.09938885943819836 ], [p=:0.0 :0.2671909562818437 :0.7328090437181562 ]]]
HMM [a=[0.6199963298939952,0.2486762449850299,0.1313274251209748,0.3957054305863996,0.532641966679313,0.07165260273428742,0.1462161818652816,0.3521874453629926,0.5015963727717258,], pi=[0.9162050608165807,0.08379493843828034,7.451389637867236E-10,], numStates=3b=[[p=:0.0 :0.9111277895119406 :0.08887221048805936 ], [p=:0.0 :0.9023413632436816 :0.0976586367563183 ], [p=:0.0 :0.24261478912055778 :0.7573852108794422 ]]]
HMM [a=[0.6207960530503321,0.2481326333411432,0.1310713136085248,0.3982759547227373,0.5354231646962928,0.06630088058096996,0.1441678211148326,0.3604621669247667,0.4953700119604007,], pi=[0.9135668060509408,0.08643319381661281,1.3244646596943258E-10,], numStates=3b=[[p=:0.0 :0.9110060443116591 :0.08899395568834088 ], [p=:0.0 :0.9039132828724613 :0.0960867171275387 ], [p=:0.0 :0.21867941655708087 :0.7813205834429191 ]]]
HMM [a=[0.6216215769611525,0.2473959276046067,0.1309824954342408,0.4008262599862687,0.5380673840676221,0.06110635594610915,0.1411784009211531,0.3689397947781143,0.4898818043007325,], pi=[0.910160995439728,0.08983900453928734,2.0984768618869183E-11,], numStates=3b=[[p=:0.0 :0.9108698949553736 :0.08913010504462635 ], [p=:0.0 :0.9053420686773084 :0.0946579313226916 ], [p=:0.0 :0.19563912971658404 :0.804360870283416 ]]]
HMM [a=[0.6224582494654247,0.2464476795101514,0.1310940710244239,0.4033509706686314,0.5405573350423982,0.05609169428897034,0.1372628389731284,0.3776608412639182,0.4850763197629534,], pi=[0.9059096682375916,0.09409033175946442,2.944015568176079E-12,], numStates=3b=[[p=:0.0 :0.9107312217483489 :0.0892687782516511 ], [p=:0.0 :0.9066477695477059 :0.09335223045229417 ], [p=:0.0 :0.17372596300725734 :0.8262740369927427 ]]]
HMM [a=[0.6232898257319408,0.2452689630428728,0.1314412112251864,0.4058446050015298,0.5428785372600587,0.0512768577384114,0.132464082573338,0.3866638491508048,0.4808720682758572,], pi=[0.9007182957627755,0.09928170423686117,3.6333049751079267E-13,], numStates=3b=[[p=:0.0 :0.9106068593062722 :0.08939314069372788 ], [p=:0.0 :0.9078563192462294 :0.09214368075377054 ], [p=:0.0 :0.15313859522259646 :0.8468614047774036 ]]]
HMM [a=[0.6240986722062949,0.2438402158859994,0.1320611119077057,0.4083020540817315,0.5450192515749874,0.04667869434328112,0.1268510424351337,0.3959813445001567,0.4771676130647096,], pi=[0.8944736953048312,0.10552630469512962,3.9194969479516065E-14,], numStates=3b=[[p=:0.0 :0.9105192085758647 :0.08948079142413538 ], [p=:0.0 :0.9089997580627619 :0.0910002419372381 ], [p=:0.0 :0.13403376846973625 :0.8659662315302638 ]]]
HMM [a=[0.6248658307270707,0.2421408541086282,0.1329933151643012,0.410719195491986,0.5469700987781262,0.04231070572988784,0.1205154487384318,0.4056379245774098,0.4738466266841584,], pi=[0.8870416955441714,0.11295830445582489,3.673644354252453E-15,], numStates=3b=[[p=:0.0 :0.9104963091159279 :0.08950369088407209 ], [p=:0.0 :0.9101159007311482 :0.08988409926885173 ], [p=:0.0 :0.11652070202098537 :0.8834792979790146 ]]]
HMM [a=[0.6255709494168195,0.24014867122108,0.1342803793621005,0.4130936394765486,0.5487234161521912,0.03818294437126017,0.1135676175849939,0.4156501362895017,0.4707822461255044,], pi=[0.8782646122128306,0.12173538778716911,2.9747212269612487E-16,], numStates=3b=[[p=:0.0 :0.9105715813084101 :0.08942841869158992 ], [p=:0.0 :0.9112476731609839 :0.08875232683901614 ], [p=:0.0 :0.10065884053616006 :0.89934115946384 ]]]
HMM [a=[0.6261920676008385,0.2378390520230174,0.1359688803761442,0.4154255720328609,0.5502724218684387,0.03430200609870037,0.1061313131026242,0.4260276482728048,0.467841038624571,], pi=[0.8679586540676313,0.13204134593236871,2.0703014370882564E-17,], numStates=3b=[[p=:0.0 :0.9107834294461471 :0.08921657055385294 ], [p=:0.0 :0.9124423166993598 :0.08755768330064019 ], [p=:0.0 :0.08645899517143066 :0.9135410048285694 ]]]
HMM [a=[0.6267052321453686,0.23518404432324,0.1381107235313914,0.4177186405044518,0.5516102570219471,0.03067110247360112,0.09833807100865997,0.4367751586258682,0.4648867703654719,], pi=[0.8559114768132439,0.1440885231867561,1.2327117140081234E-18,], numStates=3b=[[p=:0.0 :0.9111748707190322 :0.0888251292809678 ], [p=:0.0 :0.9137506232740865 :0.08624937672591347 ], [p=:0.0 :0.07388757618619797 :0.926112423813802 ]]]
HMM [a=[0.6270839222982619,0.2321513433280797,0.1407647343736584,0.419980823983439,0.5527289647863924,0.02729021123016858,0.09032145741026744,0.4478944723266546,0.461784070263078,], pi=[0.8418802503994924,0.15811974960050754,6.25472394587905E-20,], numStates=3b=[[p=:0.0 :0.9117933218388429 :0.08820667816115713 ], [p=:0.0 :0.9152263194008344 :0.0847736805991656 ], [p=:0.0 :0.06287327387024154 :0.9371267261297584 ]]]
HMM [a=[0.6272982702488881,0.2287032633562052,0.1439984663949067,0.4222252360254441,0.5536184566384991,0.02415630733605684,0.08221174787289882,0.4593861930629358,0.4584020590641653,], pi=[0.8255908192818213,0.17440918071817874,2.69554978343695E-21,], numStates=3b=[[p=:0.0 :0.9126906302404877 :0.08730936975951227 ], [p=:0.0 :0.9169256591220821 :0.08307434087791787 ], [p=:0.0 :0.05331530994779517 :0.9466846900522048 ]]]
HMM [a=[0.6273140899111498,0.2247958129535661,0.1478900971352841,0.424470806794334,0.5542655192028545,0.0212636740028115,0.07413143539474355,0.4712504746349674,0.4546180899702891,], pi=[0.8067388312306498,0.19326116876935015,9.841422455532793E-23,], numStates=3b=[[p=:0.0 :0.9139233726393691 :0.08607662736063092 ], [p=:0.0 :0.9189072091670774 :0.08109279083292266 ], [p=:0.0 :0.04509230432129752 :0.9549076956787025 ]]]
