HMM [a=[0.5955876484023892,0.2481615201676622,0.1562508314299486,0.3474261282355084,0.4963230403364405,0.1562508314280511,0.1418890361643587,0.3121558795615891,0.5459550842740523,], pi=[0.696559681064491,0.19901705173271172,0.10442326720279728,], numStates=3b=[[p=:0.0 :0.20794781893777017 :0.7920521810622299 ], [p=:0.0 :0.2079511319162615 :0.7920488680837385 ], [p=:0.0 :0.20795178479634402 :0.792048215203656 ]]]
HMM [a=[0.5955876483880457,0.2481615201707457,0.1562508314412086,0.3474261282132951,0.4963230403473465,0.1562508314393584,0.1418890361496009,0.3121558795573513,0.5459550842930478,], pi=[0.696560914873202,0.19901635827304476,0.1044227268537532,], numStates=3b=[[p=:0.0 :0.20794540222198693 :0.7920545977780131 ], [p=:0.0 :0.20795239081656147 :0.7920476091834385 ], [p=:0.0 :0.20795375599353003 :0.79204624400647 ]]]
HMM [a=[0.5955876483630627,0.2481615201737918,0.1562508314631455,0.347426128165166,0.4963230403705781,0.1562508314642559,0.1418890361168128,0.3121558795476206,0.5459550843355666,], pi=[0.6965635160366518,0.19901489502520497,0.10442158893814327,], numStates=3b=[[p=:0.0 :0.2079426785131572 :0.7920573214868428 ], [p=:0.0 :0.20795374478532402 :0.792046255214676 ], [p=:0.0 :0.20795606671302636 :0.7920439332869736 ]]]
HMM [a=[0.5955876483326034,0.2481615201722456,0.156250831495151,0.3474261280865355,0.4963230404070165,0.1562508315064479,0.141889036061231,0.3121558795294733,0.5459550844092957,], pi=[0.6965676547682771,0.19901258369876232,0.10441976153296056,], numStates=3b=[[p=:0.0 :0.2079396063950033 :0.7920603936049967 ], [p=:0.0 :0.2079552002168507 :0.7920447997831493 ], [p=:0.0 :0.20795877159948428 :0.7920412284005157 ]]]
HMM [a=[0.5955876483041703,0.2481615201598474,0.1562508315359823,0.3474261279720568,0.4963230404572119,0.1562508315707314,0.1418890359765524,0.3121558794987205,0.5459550845247271,], pi=[0.6965735238856273,0.19900933737808907,0.10441713873628357,], numStates=3b=[[p=:0.0 :0.20793613862473648 :0.7920638613752635 ], [p=:0.0 :0.20795676380193973 :0.7920432361980603 ], [p=:0.0 :0.2079619338128721 :0.7920380661871279 ]]]
HMM [a=[0.5955876482883679,0.2481615201281095,0.1562508315835227,0.3474261278155045,0.4963230405211686,0.1562508316633269,0.1418890358544152,0.3121558794494004,0.5459550846961845,], pi=[0.6965813419529386,0.19900505949040537,0.10441359855665595,], numStates=3b=[[p=:0.0 :0.20793222129132763 :0.7920677787086724 ], [p=:0.0 :0.20795844251629747 :0.7920415574837025 ], [p=:0.0 :0.20796562633444304 :0.792034373665557 ]]]
HMM [a=[0.5955876482998947,0.2481615200656399,0.1562508316344654,0.3474261276096446,0.4963230405980443,0.1562508317923111,0.1418890356837063,0.3121558793730771,0.5459550849432167,], pi=[0.6965913568733241,0.19899964264102532,0.10440900048565056,], numStates=3b=[[p=:0.0 :0.2079277928498565 :0.7920722071501435 ], [p=:0.0 :0.20796024360199275 :0.7920397563980073 ], [p=:0.0 :0.2079699334711812 :0.7920300665288188 ]]]
HMM [a=[0.5955876483588323,0.2481615199572684,0.1562508316838993,0.347426127346087,0.4963230406857315,0.1562508319681815,0.1418890354496363,0.3121558792578776,0.5459550852924862,], pi=[0.6966038499958637,0.19899296729772653,0.10440318270640979,], numStates=3b=[[p=:0.0 :0.20792278301380274 :0.7920772169861973 ], [p=:0.0 :0.20796217454067772 :0.7920378254593223 ], [p=:0.0 :0.20797495258913332 :0.7920250474108667 ]]]
HMM [a=[0.5955876484923192,0.2481615197829153,0.1562508317247656,0.3474261270151245,0.4963230407802808,0.1562508322045947,0.1418890351325047,0.3121558790871696,0.5459550857803257,], pi=[0.6966191408123832,0.1989849003036046,0.10439595888401221,], numStates=3b=[[p=:0.0 :0.20791711148417197 :0.7920828885158281 ], [p=:0.0 :0.2079642430167848 :0.7920357569832153 ], [p=:0.0 :0.20798079611041542 :0.7920192038895846 ]]]
HMM [a=[0.5955876487367214,0.2481615195161302,0.1562508317471484,0.3474261266055568,0.4963230408751113,0.1562508325193319,0.1418890347060534,0.3121558788377538,0.545955086456193,], pi=[0.696637592329581,0.19897529319483948,0.10438711447557955,], numStates=3b=[[p=:0.0 :0.20791068649118977 :0.7920893135088103 ], [p=:0.0 :0.20796645686856083 :0.7920335431314391 ], [p=:0.0 :0.207987593813999 :0.792012406186001 ]]]
HMM [a=[0.5955876491404497,0.2481615191222013,0.1562508317373489,0.3474261261045025,0.4963230409599359,0.1562508329355616,0.1418890341352707,0.3121558784773965,0.5459550873873328,], pi=[0.6966596172145862,0.19896398029643686,0.1043764024889769,], numStates=3b=[[p=:0.0 :0.20790340312065947 :0.7920965968793405 ], [p=:0.0 :0.20796882402438535 :0.7920311759756147 ], [p=:0.0 :0.20799549548652307 :0.7920045045134769 ]]]
HMM [a=[0.5955876497676102,0.2481615185557105,0.1562508316766793,0.3474261254972041,0.4963230410193042,0.1562508334834917,0.141889033373466,0.3121558779614698,0.5459550886650641,], pi=[0.6966856848262287,0.19895077656514762,0.10436353860862362,], numStates=3b=[[p=:0.0 :0.2078951413928922 :0.7921048586071078 ], [p=:0.0 :0.2079713524213186 :0.7920286475786814 ], [p=:0.0 :0.20800467397647937 :0.7919953260235206 ]]]
HMM [a=[0.5955876507027382,0.248161517757369,0.1562508315398929,0.3474261247668325,0.4963230410306355,0.156250834202532,0.141889032358372,0.3121558772283852,0.5459550904132427,], pi=[0.6967163292604978,0.19893547514434076,0.10434819559516151,], numStates=3b=[[p=:0.0 :0.20788576405729509 :0.7921142359427049 ], [p=:0.0 :0.20797404990222368 :0.7920259500977763 ], [p=:0.0 :0.2080153287133307 :0.7919846712866693 ]]]
HMM [a=[0.5955876520569352,0.2481615166499223,0.1562508312931426,0.3474261238943037,0.4963230409615708,0.1562508351441254,0.1418890310069553,0.3121558761933984,0.5459550927996463,], pi=[0.69675215855714,0.19891784459052012,0.1043299968523399,], numStates=3b=[[p=:0.0 :0.2078751140601476 :0.7921248859398524 ], [p=:0.0 :0.20797692408707888 :0.7920230759129211 ], [p=:0.0 :0.20802768976263233 :0.7919723102373677 ]]]
HMM [a=[0.5955876539758261,0.2481615151328463,0.1562508308913277,0.3474261228581259,0.4963230407664185,0.1562508363754556,0.1418890292085089,0.3121558747402191,0.545955096051272,], pi=[0.6967938652353831,0.1988976257253327,0.10430850903928421,], numStates=3b=[[p=:0.0 :0.207863011636694 :0.792136988363306 ], [p=:0.0 :0.20797998221321076 :0.7920200177867892 ], [p=:0.0 :0.2080420224992473 :0.7919579775007527 ]]]
HMM [a=[0.5955876566498782,0.2481615130754755,0.1562508302746463,0.347426121634303,0.4963230403813924,0.1562508379843046,0.1418890268154611,0.3121558727096639,0.545955100474875,], pi=[0.6968422383506939,0.1988745280601996,0.10428323358910647,], numStates=3b=[[p=:0.0 :0.20784925097129595 :0.7921507490287041 ], [p=:0.0 :0.2079832309381034 :0.7920167690618966 ], [p=:0.0 :0.2080586329935322 :0.7919413670064678 ]]]
HMM [a=[0.5955876603277875,0.2481615103080952,0.1562508293641173,0.3474261201963359,0.4963230397182463,0.1562508400854178,0.1418890236311494,0.3121558698843312,0.5459551064845194,], pi=[0.6968981772916468,0.19884822573297195,0.1042535969753812,], numStates=3b=[[p=:0.0 :0.2078335963608758 :0.7921664036391242 ], [p=:0.0 :0.20798667609711924 :0.7920133239028808 ], [p=:0.0 :0.20807787422022272 :0.7919221257797773 ]]]
HMM [a=[0.5955876653338499,0.2481615066103872,0.1562508280557629,0.3474261185153769,0.4963230386557764,0.1562508428288467,0.1418890193935628,0.3121558659679312,0.5459551146385061,], pi=[0.6969627075667598,0.19881835288711702,0.10421893954612312,], numStates=3b=[[p=:0.0 :0.20781577780705004 :0.7921842221929499 ], [p=:0.0 :0.2079903224068493 :0.7920096775931507 ], [p=:0.0 :0.20810015321702433 :0.7918998467829756 ]]]
HMM [a=[0.5955876720905123,0.2481615016964359,0.1562508262130518,0.3474261165606191,0.4963230370284941,0.1562508464108869,0.1418890137537258,0.3121558605574351,0.545955125688839,], pi=[0.6970369988659632,0.19878449841368212,0.10417850272035475,], numStates=3b=[[p=:0.0 :0.2077954859510017 :0.7922045140489983 ], [p=:0.0 :0.20799417310281168 :0.7920058268971883 ], [p=:0.0 :0.208125939340042 :0.791874060659958 ]]]
HMM [a=[0.5955876811476639,0.2481614951952575,0.1562508236570787,0.3474261143000363,0.4963230346115427,0.156250851088421,0.1418890062469683,0.312155853105591,0.5459551406474407,], pi=[0.6971223857206098,0.1987461999644549,0.10413141431493533,], numStates=3b=[[p=:0.0 :0.20777236625201984 :0.7922276337479802 ], [p=:0.0 :0.2079982294977401 :0.7920017705022598 ], [p=:0.0 :0.2081557737866766 :0.7918442262133234 ]]]
HMM [a=[0.5955876932206997,0.2481614866255021,0.1562508201537981,0.3474261117016354,0.4963230311006329,0.1562508571977316,0.1418889962547431,0.3121558428705163,0.5459551608747406,], pi=[0.6972203911300431,0.1987029371310763,0.10407667173888059,], numStates=3b=[[p=:0.0 :0.20774601229545725 :0.7922539877045427 ], [p=:0.0 :0.20800249044362076 :0.7919975095563793 ], [p=:0.0 :0.20819028058408873 :0.7918097194159113 ]]]
HMM [a=[0.595587709240014,0.2481614753625654,0.1562508153974206,0.3474261087354485,0.496323026085372,0.1562508651791795,0.1418889829538917,0.3121558288479714,0.5459551881981369,], pi=[0.6973327535721058,0.19865412366906912,0.10401312275882509,], numStates=3b=[[p=:0.0 :0.20771595809828458 :0.7922840419017154 ], [p=:0.0 :0.20800695167677563 :0.7919930483232244 ], [p=:0.0 :0.20823017927353477 :0.7917698207264652 ]]]
HMM [a=[0.5955877304153925,0.2481614605958047,0.1562508089888028,0.3474261053765836,0.4963230190138343,0.1562508756095821,0.1418889652492401,0.3121558096804249,0.545955225070335,], pi=[0.6974614578699735,0.1985990986274614,0.10393944350256515,], numStates=3b=[[p=:0.0 :0.20768166926005116 :0.7923183307399488 ], [p=:0.0 :0.20801160502044147 :0.7919883949795585 ], [p=:0.0 :0.20827629955871646 :0.7917237004412835 ]]]
HMM [a=[0.5955877583198449,0.2481614412728527,0.1562508004073024,0.3474261016097783,0.4963230091455225,0.1562508892446991,0.1418889416840535,0.3121557835350371,0.5459552747809094,], pi=[0.697608770448591,0.1985371162234987,0.10385411332791028,], numStates=3b=[[p=:0.0 :0.20764253278342643 :0.7923574672165735 ], [p=:0.0 :0.20801643741316983 :0.7919835625868302 ], [p=:0.0 :0.20832959823086675 :0.7916704017691333 ]]]
HMM [a=[0.5955877949988198,0.2481614160270921,0.1562507889740882,0.3474260974360766,0.4963229954889394,0.156250907074984,0.1418889103210861,0.3121557479400225,0.5459553417388914,], pi=[0.6977772795809258,0.19846733427734622,0.10375538614172794,], numStates=3b=[[p=:0.0 :0.20759784536102902 :0.792402154638971 ], [p=:0.0 :0.20802142972360804 :0.791978570276392 ], [p=:0.0 :0.20839117873597865 :0.7916088212640213 ]]]
HMM [a=[0.5955878431125886,0.2481613830831475,0.1562507738042639,0.3474260928824928,0.4963229767187625,0.1562509303987447,0.1418888685845696,0.3121556995652906,0.5459554318501398,], pi=[0.6979699412971231,0.19838880099310466,0.10364125770977227,], numStates=3b=[[p=:0.0 :0.20754679989328662 :0.7924532001067134 ], [p=:0.0 :0.20802655530232841 :0.7919734446976716 ], [p=:0.0 :0.20846231381204755 :0.7915376861879525 ]]]
HMM [a=[0.595587906122016,0.2481613401336608,0.1562507537443233,0.347426088015871,0.4963229510659802,0.1562509609181488,0.1418888130503096,0.3121556339284894,0.545955553021201,], pi=[0.6981901317080293,0.1983004398392034,0.10350942845276724,], numStates=3b=[[p=:0.0 :0.20748846996480874 :0.7925115300351913 ], [p=:0.0 :0.20803177820871852 :0.7919682217912815 ], [p=:0.0 :0.20854447169852347 :0.7914555283014765 ]]]
HMM [a=[0.5955879885311235,0.2481612841785381,0.1562507272903384,0.3474260829626228,0.496322916172183,0.1562510008651942,0.141888739166828,0.3121555450011772,0.5459557158319948,], pi=[0.6984417065774984,0.19820103224247565,0.10335726118002597,], numStates=3b=[[p=:0.0 :0.20742179196324034 :0.7925782080367597 ], [p=:0.0 :0.20803705103468884 :0.7919629489653112 ], [p=:0.0 :0.20863934650894617 :0.7913606534910539 ]]]
HMM [a=[0.5955880962040776,0.2481612113151297,0.1562506924807927,0.3474260779367022,0.4963228688963255,0.1562510531669722,0.1418886408848562,0.3121554246812626,0.5459559344338812,], pi=[0.698729069063751,0.19808919776499392,0.10318173317125505,], numStates=3b=[[p=:0.0 :0.2073455444736452 :0.7926544555263548 ], [p=:0.0 :0.20804231222598785 :0.7919576877740122 ], [p=:0.0 :0.20874889346421305 :0.7912511065357869 ]]]
HMM [a=[0.5955882367797961,0.2481611164642267,0.1562506467559772,0.3474260732791208,0.4963228050584514,0.1562511216624278,0.1418885101649747,0.312155262086321,0.5459562277487044,], pi=[0.6990572466361414,0.19796337137992545,0.10297938198393312,], numStates=3b=[[p=:0.0 :0.20725832452175696 :0.792741675478243 ], [p=:0.0 :0.20804748277476726 :0.7919525172252327 ], [p=:0.0 :0.20887536981218804 :0.791124630187812 ]]]
HMM [a=[0.5955884202147366,0.2481609930120741,0.1562505867731893,0.3474260695136459,0.4963227190997881,0.156251211386566,0.1418883363231743,0.3121550426068851,0.5459566210699406,], pi=[0.6994319782558502,0.19782177740093534,0.10274624434321437,], numStates=3b=[[p=:0.0 :0.20715852016924982 :0.7928414798307502 ], [p=:0.0 :0.20805246212175918 :0.7919475378782408 ], [p=:0.0 :0.20902138241455978 :0.7909786175854402 ]]]
HMM [a=[0.5955886594941882,0.248160832342449,0.1562505081633629,0.3474260674252258,0.4963226036318517,0.1562513289429225,0.1418881051607349,0.3121547466379205,0.5459571482013446,], pi=[0.699859812981146,0.19766239954751177,0.10247778747134227,], numStates=3b=[[p=:0.0 :0.20704427888148472 :0.7929557211185153 ], [p=:0.0 :0.20805712306040497 :0.7919428769395951 ], [p=:0.0 :0.20918994317055403 :0.7908100568294459 ]]]
HMM [a=[0.5955889715653389,0.2481606232247955,0.1562504052098657,0.3474260681703945,0.49632244883819,0.1562514829914155,0.1418877978069243,0.3121543478785102,0.5459578543145654,], pi=[0.7003482212109846,0.19748294654431134,0.10216883224470406,], numStates=3b=[[p=:0.0 :0.20691347099050056 :0.7930865290094995 ], [p=:0.0 :0.2080613053750316 :0.7919386946249685 ], [p=:0.0 :0.209384533677636 :0.790615466322364 ]]]
HMM [a=[0.5955893785626182,0.2481603510138399,0.1562502704235419,0.347426073432788,0.4963222416803825,0.1562516848868295,0.1418873891790693,0.3121538110516771,0.5459587997692535,], pi=[0.7009057198020974,0.19728081255435664,0.10181346764354604,], numStates=3b=[[p=:0.0 :0.20676364746033282 :0.7932363525396672 ], [p=:0.0 :0.2080648078660333 :0.7919351921339667 ], [p=:0.0 :0.20960918081237664 :0.7903908191876233 ]]]
HMM [a=[0.5955899094187574,0.2481599966022701,0.1562500939789724,0.3474260856424853,0.4963219648438963,0.1562519495136184,0.1418868459324401,0.3121530888446541,0.5459600652229059,], pi=[0.7015420122662888,0.19705303163172178,0.10140495610198946,], numStates=3b=[[p=:0.0 :0.20659199102438872 :0.7934080089756113 ], [p=:0.0 :0.20806737831070252 :0.7919326216892975 ], [p=:0.0 :0.2098685452638752 :0.7901314547361248 ]]]
HMM [a=[0.5955906019856663,0.2481595350499338,0.1562498629643999,0.3474261082859498,0.4963215953380201,0.1562522963760301,0.1418861237292682,0.3121521177998112,0.5459617584709207,], pi=[0.7022681451512061,0.196796225247361,0.10093562960143289,], numStates=3b=[[p=:0.0 :0.2063952596011447 :0.7936047403988553 ], [p=:0.0 :0.2080687007703896 :0.7919312992296104 ], [p=:0.0 :0.21016802548510025 :0.7898319745148997 ]]]
HMM [a=[0.5955915058302563,0.2481589337893035,0.1562495603804402,0.3474261463450598,0.4963211026355438,0.1562527510193963,0.1418851635982258,0.3121508127909846,0.5459640236107896,], pi=[0.7030966814942894,0.1965065417905066,0.10039677671520399,], numStates=3b=[[p=:0.0 :0.2061697206994923 :0.7938302793005078 ], [p=:0.0 :0.20806837947158222 :0.7919316205284178 ], [p=:0.0 :0.21051388006684432 :0.7894861199331557 ]]]
HMM [a=[0.5955926859254324,0.2481581502759829,0.1562491637985847,0.3474262069208111,0.4963204461997024,0.1562533468794865,0.1418838870775431,0.3121490595895544,0.5459670533329025,], pi=[0.7040418918676408,0.1961795867770568,0.09977852135530246,], numStates=3b=[[p=:0.0 :0.20591107529221403 :0.794088924707786 ], [p=:0.0 :0.20806591824470655 :0.7919340817552935 ], [p=:0.0 :0.21091337221378786 :0.7890866277862121 ]]]
HMM [a=[0.5955942275306362,0.2481571289126551,0.1562486435567088,0.3474263001223486,0.4963195721949153,0.1562541276827361,0.1418821897294342,0.3121467048459371,0.5459711054246287,], pi=[0.7051199629348649,0.1958103423068924,0.09906969475824275,], numStates=3b=[[p=:0.0 :0.20561436935773716 :0.7943856306422629 ], [p=:0.0 :0.20806069417874187 :0.7919393058212582 ], [p=:0.0 :0.21137494084987193 :0.788625059150128 ]]]
HMM [a=[0.5955962426564895,0.2481557970223768,0.1562479603211336,0.3474264403389591,0.4963184091097255,0.1562551505513154,0.1418799324707805,0.3121435425664645,0.545976524962755,], pi=[0.7063492225291363,0.1953930741087074,0.09825770336215628,], numStates=3b=[[p=:0.0 :0.20527389095773688 :0.7947261090422632 ], [p=:0.0 :0.2080519237131164 :0.7919480762868836 ], [p=:0.0 :0.21190840394879695 :0.788091596051203 ]]]
HMM [a=[0.5955988786437914,0.2481540595791421,0.1562470617770666,0.3474266480674492,0.4963168619293833,0.1562564900031675,0.1418769299715855,0.31213929582656,0.5459837742018545,], pi=[0.7077503789122732,0.19492122430399927,0.09732839678372752,], numStates=3b=[[p=:0.0 :0.20488305032163637 :0.7951169496783637 ], [p=:0.0 :0.20803861880108807 :0.7919613811989119 ], [p=:0.0 :0.21252520103625494 :0.7874747989637451 ]]]
HMM [a=[0.5956023295716257,0.2481517923160529,0.1562458781123214,0.3474269525489596,0.4963148043742904,0.15625824307675,0.1418729351100715,0.3121335919914673,0.5459934728984612,], pi=[0.7093467699223802,0.19438728783105005,0.0962659422465697,], numStates=3b=[[p=:0.0 :0.20443423993856288 :0.7955657600614371 ], [p=:0.0 :0.20801952998635895 :0.791980470013641 ], [p=:0.0 :0.2132386835208972 :0.7867613164791029 ]]]
HMM [a=[0.5956068514610596,0.2481488327194686,0.1562443158194718,0.3474273955914842,0.4963120685594554,0.1562605358490603,0.1418676181161452,0.3121259290628307,0.546006452821024,], pi=[0.7111646149421353,0.19378267033003446,0.09505271472783021,], numStates=3b=[[p=:0.0 :0.20391867110400322 :0.7960813288959968 ], [p=:0.0 :0.20799307216199983 :0.7920069278380002 ], [p=:0.0 :0.21406446367747117 :0.7859355363225289 ]]]
HMM [a=[0.5956127825855302,0.2481449682758955,0.1562422491385743,0.3474280371382945,0.4963084312172332,0.1562635316444723,0.1418605385488355,0.3121156298583895,0.5460238315927751,], pi=[0.7132332587294953,0.19309752526109072,0.09366921600941398,], numStates=3b=[[p=:0.0 :0.20332618272757128 :0.7966738172724287 ], [p=:0.0 :0.20795722732467511 :0.7920427726753249 ], [p=:0.0 :0.21502083584515685 :0.7849791641548431 ]]]
HMM [a=[0.5956205706724031,0.2481399211621357,0.1562395081654612,0.3474289634206512,0.4963035953466367,0.1562674412327121,0.1418511075915792,0.3121017794569314,0.5460471129514893,], pi=[0.7155853907674466,0.192320568205544,0.09209404102700929,], numStates=3b=[[p=:0.0 :0.20264501748528146 :0.7973549825147186 ], [p=:0.0 :0.20790941665595872 :0.7920905833440413 ], [p=:0.0 :0.21612928685323812 :0.7838707131467618 ]]]
HMM [a=[0.595630809432314,0.2481333283551319,0.1562358622125541,0.3474302989559511,0.4962971657917882,0.1562725352522607,0.1418385372496553,0.3120831395516001,0.5460783231987446,], pi=[0.7182572164237876,0.19143886684217543,0.09030391673403698,], numStates=3b=[[p=:0.0 :0.2018615596208825 :0.7981384403791175 ], [p=:0.0 :0.20784633156261134 :0.7921536684373887 ], [p=:0.0 :0.21741511699143473 :0.7825848830085652 ]]]
HMM [a=[0.595644287753237,0.2481247158878738,0.1562309963588892,0.3474322242978584,0.4962886167957462,0.1562791589063954,0.1418217718154895,0.3120580308414368,0.5461201973430738,], pi=[0.7212885462630356,0.19043760623970915,0.08827384749725527,], numStates=3b=[[p=:0.0 :0.20096002793394555 :0.7990399720660545 ], [p=:0.0 :0.20776370962711935 :0.7922362903728807 ], [p=:0.0 :0.21890819813527254 :0.7810918018647275 ]]]
HMM [a=[0.5956620561403029,0.2481134657049472,0.1562244781547499,0.3474350024343001,0.4962772490194179,0.156287748546282,0.1417993953284878,0.312024171063026,0.5461764336084862,], pi=[0.7247227566055415,0.18929983123942795,0.08597741215503057,], numStates=3b=[[p=:0.0 :0.19992211688412234 :0.8000778831158777 ], [p=:0.0 :0.20765603641058553 :0.7923439635894145 ], [p=:0.0 :0.22064390197701483 :0.7793560980229852 ]]]
HMM [a=[0.595685516699356,0.2480987733127065,0.1562157099879374,0.3474390182508313,0.496262132879943,0.1562988488692257,0.1417695065793451,0.3119784513301067,0.5462520420905482,], pi=[0.7286065570990808,0.18800617138541406,0.08338727151550508,], numStates=3b=[[p=:0.0 :0.1987265785847774 :0.8012734214152226 ], [p=:0.0 :0.20751614726486936 :0.7924838527351307 ], [p=:0.0 :0.22266423856399395 :0.777335761436006 ]]]
HMM [a=[0.595716545320766,0.2480795942580004,0.1562038604212336,0.3474448378224122,0.4962420344313322,0.1563131277462556,0.1417295503820665,0.3119166266083325,0.546353823009601,], pi=[0.7329894789189634,0.1865345599321769,0.08047596114885969,], numStates=3b=[[p=:0.0 :0.19734873931894695 :0.8026512606810531 ], [p=:0.0 :0.2073346942094407 :0.7926653057905593 ], [p=:0.0 :0.22501925292910466 :0.7749807470708954 ]]]
HMM [a=[0.5957576579262277,0.2480545775776175,0.1561877644961548,0.3474532979136792,0.4962153195973721,0.1563313824889488,0.1416760903099937,0.3118328868266472,0.5464910228633592,], pi=[0.7379229698148826,0.18485996812426614,0.07721706206085123,], numStates=3b=[[p=:0.0 :0.19575994714394063 :0.8042400528560594 ], [p=:0.0 :0.20709943094059724 :0.7929005690594028 ], [p=:0.0 :0.2277687340006556 :0.7722312659993444 ]]]
HMM [a=[0.5958122369119994,0.2480219850738313,0.1561657780141693,0.3474656416317539,0.4961798328622845,0.1563545255059616,0.1416045040157537,0.311719262804997,0.5466762331792493,], pi=[0.7434589499657539,0.18295419086717196,0.07358685916707412,], numStates=3b=[[p=:0.0 :0.19392695411071195 :0.8060730458892881 ], [p=:0.0 :0.206794253769991 :0.7932057462300091 ], [p=:0.0 :0.2309842918163818 :0.7690157081836182 ]]]
HMM [a=[0.5958848393936537,0.2479795972219983,0.156135563384348,0.3474837246730799,0.4961327485662791,0.1563835267606411,0.1415085782939514,0.3115648058415228,0.5469266158645257,], pi=[0.7496476476302826,0.18078574227971902,0.06956661008999845,], numStates=3b=[[p=:0.0 :0.19181125117203718 :0.8081887488279629 ], [p=:0.0 :0.20639791804108862 :0.7936020819589114 ], [p=:0.0 :0.23475184931731238 :0.7652481506826876 ]]]
HMM [a=[0.595981615340027,0.2479246108575677,0.1560937738024052,0.3475103293888453,0.4960703988419334,0.1564192717692214,0.1413799790486381,0.3113544629969412,0.5472655579544206,], pi=[0.7565345013917771,0.17831995205242585,0.065145546555797,], numStates=3b=[[p=:0.0 :0.18936840240202604 :0.810631597597974 ], [p=:0.0 :0.2058823305968819 :0.7941176694031181 ], [p=:0.0 :0.2391745597811767 :0.7608254402188233 ]]]
HMM [a=[0.5961108700612653,0.2478535425504775,0.1560355873882572,0.3475496425727434,0.495988096049708,0.1564622613775486,0.1412075757035381,0.3110675574457342,0.5477248668507279,], pi=[0.7641558978301889,0.17551939863444388,0.06032470353536722,], numStates=3b=[[p=:0.0 :0.1865474790357616 :0.8134525209642384 ], [p=:0.0 :0.20521030612137686 :0.7947896938786232 ], [p=:0.0 :0.2443760739159687 :0.7556239260840313 ]]]
HMM [a=[0.5962838083724339,0.2477621681417111,0.155954023485855,0.3476079786802132,0.4958799969233914,0.1565120243963954,0.140976619984057,0.3106757898449372,0.5483475901710058,], pi=[0.77253353090306,0.1723448743934098,0.05512159470353015,], numStates=3b=[[p=:0.0 :0.18329079250564495 :0.816709207494355 ], [p=:0.0 :0.20433268609535687 :0.7956673139046431 ], [p=:0.0 :0.25050389389980715 :0.7494961061001929 ]]]
HMM [a=[0.5965154884219883,0.2476455584664726,0.1558389531115392,0.3476948618693763,0.4957391137440584,0.1565660243865653,0.1406678350722681,0.310140738177649,0.5491914267500829,], pi=[0.7816672580491515,0.16875714841206949,0.04957559353877897,], numStates=3b=[[p=:0.0 :0.17953430062921413 :0.8204656993707858 ], [p=:0.0 :0.2031847930461446 :0.7968152069538554 ], [p=:0.0 :0.2577321836015159 :0.742267816398484 ]]]
HMM [a=[0.596825971869893,0.2474983203852455,0.1556757077448617,0.3478246084116389,0.4955576852071983,0.1566177063811628,0.1402565998731555,0.3094110263100945,0.55033237381675,], pi=[0.791526543347561,0.16471986244416778,0.043753594208271185,], numStates=3b=[[p=:0.0 :0.17520935797662684 :0.8247906420233732 ], [p=:0.0 :0.20168241126454492 :0.7983175887354551 ], [p=:0.0 :0.26626273030243214 :0.7337372696975679 ]]]
HMM [a=[0.5972415428709472,0.2473152252267151,0.1554432319023377,0.3480185448103265,0.4953283003714348,0.1566531548182386,0.1397126757266367,0.3084198016821019,0.5518675225912613,], pi=[0.8020409951546323,0.16020393359367455,0.03775507125169306,], numStates=3b=[[p=:0.0 :0.1702469491651646 :0.8297530508348354 ], [p=:0.0 :0.19971800073900547 :0.8002819992609945 ], [p=:0.0 :0.27632162559507634 :0.7236783744049237 ]]]
HMM [a=[0.5977956072104725,0.2470924931696675,0.15511189961986,0.3483078778747107,0.4950464277637562,0.1566456943615331,0.1390013961356039,0.3070841428575371,0.5539144610068589,], pi=[0.8130912056133728,0.15519377851232538,0.03171501587430181,], numStates=3b=[[p=:0.0 :0.16458618087312174 :0.8354138191268783 ], [p=:0.0 :0.19715890378787854 :0.8028410962121214 ], [p=:0.0 :0.288147603472238 :0.711852396527762 ]]]
HMM [a=[0.5985283735985292,0.2468300453877136,0.1546415810137572,0.3487368385702416,0.4947152483909556,0.1565479130388028,0.1380879451006647,0.3053097395697821,0.5566023153295532,], pi=[0.8245021204108282,0.14969540312903126,0.025802476460140597,], numStates=3b=[[p=:0.0 :0.15818939945689828 :0.8418106005431018 ], [p=:0.0 :0.19385113642073964 :0.8061488635792604 ], [p=:0.0 :0.30196627815438515 :0.6980337218456149 ]]]
HMM [a=[0.599483622714403,0.2465348795475269,0.1539814977380701,0.3493648076252029,0.4943535762081634,0.1562816161666337,0.1369470214912319,0.3030064431250164,0.5600465353837517,], pi=[0.8360423866193003,0.1437457535090564,0.02021185987164328,], numStates=3b=[[p=:0.0 :0.15106606475799736 :0.8489339352420027 ], [p=:0.0 :0.18963478794403407 :0.8103652120559659 ], [p=:0.0 :0.31794450247895883 :0.6820554975210411 ]]]
HMM [a=[0.6007001210508986,0.2462250869917983,0.1530747919573031,0.350264589420661,0.4940063782624095,0.1557290323169295,0.1355798260689131,0.3001213049034504,0.5642988690276365,], pi=[0.8474340432942329,0.13742154938671344,0.015144407319053695,], numStates=3b=[[p=:0.0 :0.14330469032759563 :0.8566953096724044 ], [p=:0.0 :0.18437836750867037 :0.8156216324913296 ], [p=:0.0 :0.3361246335753107 :0.6638753664246894 ]]]
HMM [a=[0.6021958101844128,0.2459327067563873,0.1518714830591999,0.3515125939199514,0.4937540523525834,0.1547333537274652,0.1340369561874573,0.2966908830491816,0.5692721607633611,], pi=[0.8583763934063511,0.13084422778974114,0.01077937880390781,], numStates=3b=[[p=:0.0 :0.13510456428559586 :0.8648954357144042 ], [p=:0.0 :0.17803499299736403 :0.821965007002636 ], [p=:0.0 :0.35635425484058275 :0.6436457451594172 ]]]
HMM [a=[0.6039470152483974,0.2457021648883852,0.1503508198632174,0.3531680456715392,0.4937119900647802,0.1531199642636806,0.1324381980638747,0.292898597138691,0.5746632047974342,], pi=[0.8685842337507459,0.12417642652931936,0.007239339719934736,], numStates=3b=[[p=:0.0 :0.12678763594427128 :0.8732123640557287 ], [p=:0.0 :0.170707313083763 :0.829292686916237 ], [p=:0.0 :0.37824985776527786 :0.6217501422347221 ]]]
HMM [a=[0.6058729564925829,0.2455814713390962,0.1485455721683209,0.3552457498382786,0.4940113797372076,0.1507428704245138,0.1309726274610294,0.2891007840466791,0.5799265884922915,], pi=[0.877832957420317,0.11760644952030393,0.004560593059379134,], numStates=3b=[[p=:0.0 :0.11876628011552876 :0.8812337198844713 ], [p=:0.0 :0.16268426967762686 :0.8373157303223732 ], [p=:0.0 :0.4012408470121905 :0.5987591529878096 ]]]
HMM [a=[0.6078411255957417,0.2456075540543949,0.1465513203498634,0.3576978184627071,0.4947626614323042,0.1475395201049887,0.1298663265443846,0.2857825993051251,0.5843510741504903,], pi=[0.8859944711536647,0.11132204454518474,0.0026834843011505375,], numStates=3b=[[p=:0.0 :0.11146068795544654 :0.8885393120445535 ], [p=:0.0 :0.1544067664141787 :0.8455932335858213 ], [p=:0.0 :0.4247035605589078 :0.5752964394410922 ]]]
HMM [a=[0.6097003632508501,0.2457928479991174,0.1445067887500325,0.360421160791791,0.4960199827339444,0.1435588564742646,0.1293254879967136,0.2834447754636658,0.5872297365396206,], pi=[0.8930467106151445,0.10548194759049022,0.0014713417943652298,], numStates=3b=[[p=:0.0 :0.10519708825969804 :0.894802911740302 ], [p=:0.0 :0.14635781589287544 :0.8536421841071246 ], [p=:0.0 :0.44812780060972346 :0.5518721993902765 ]]]
HMM [a=[0.6113273719183523,0.2461211559096493,0.1425514721719985,0.3632906705858325,0.4977689285485055,0.138940400865662,0.1294824191915176,0.282476368690012,0.5880412121184704,], pi=[0.8990518095064755,0.10019687512038067,7.51315373143881E-4,], numStates=3b=[[p=:0.0 :0.10013879332825965 :0.8998612066717404 ], [p=:0.0 :0.13893207562806306 :0.8610679243719369 ], [p=:0.0 :0.47122934885818574 :0.5287706511418143 ]]]
HMM [a=[0.6126601515183939,0.2465545884753111,0.1407852600062951,0.3661977708422757,0.4999423789961714,0.1338598501615529,0.1303689847377988,0.2830779611105593,0.5865530541516419,], pi=[0.9041159624085079,0.09552652082851897,3.5751676297313226E-4,], numStates=3b=[[p=:0.0 :0.09627965357628049 :0.9037203464237196 ], [p=:0.0 :0.1323554995096502 :0.8676445004903498 ], [p=:0.0 :0.49396507950428353 :0.5060349204957165 ]]]
HMM [a=[0.6137027046693643,0.2470461842528905,0.1392511110777453,0.3690728033320007,0.5024496887655991,0.1284775079024001,0.1319213254534242,0.2852575224307259,0.58282115211585,], pi=[0.9083514923493498,0.09148980634572279,1.587013049274413E-4,], numStates=3b=[[p=:0.0 :0.09348790997454685 :0.9065120900254532 ], [p=:0.0 :0.12668198490793406 :0.873318015092066 ], [p=:0.0 :0.5164711483504859 :0.4835288516495141 ]]]
HMM [a=[0.6145062747514825,0.2475511078201842,0.1379426174283333,0.3718859116351647,0.505201560536302,0.1229125278285333,0.1340035259031068,0.2888769247075919,0.5771195493893014,], pi=[0.9118538758146186,0.08808036001222479,6.57641731565876E-5,], numStates=3b=[[p=:0.0 :0.09156744227899832 :0.9084325577210016 ], [p=:0.0 :0.12184270486676127 :0.8781572951332387 ], [p=:0.0 :0.5389721898373796 :0.46102781016262034 ]]]
HMM [a=[0.6151430307834526,0.2480326785798862,0.1368242906366612,0.3746350658163891,0.5081229603819776,0.1172419738016334,0.1364357770551514,0.2937144336455133,0.5698497892993352,], pi=[0.9146941254918558,0.08528043537495374,2.5439133190468527E-5,], numStates=3b=[[p=:0.0 :0.09031001724821848 :0.9096899827517815 ], [p=:0.0 :0.11770823782549955 :0.8822917621745004 ], [p=:0.0 :0.5616995011224052 :0.43830049887759476 ]]]
HMM [a=[0.6156848010394532,0.2484634386060947,0.1358517603544521,0.3773320093948369,0.5111557393935707,0.1115122512115925,0.1390184276129943,0.2995195508291044,0.5614620215579013,], pi=[0.9169203152620358,0.08307050861455201,9.176123412248538E-6,], numStates=3b=[[p=:0.0 :0.08952833610530497 :0.910471663894695 ], [p=:0.0 :0.11413743221300872 :0.8858625677869912 ], [p=:0.0 :0.5848349272970559 :0.4151650727029441 ]]]
HMM [a=[0.6161911762117909,0.2488233162163382,0.1349855075718708,0.3799919905433396,0.5142557739307266,0.1057522355259338,0.1415493945896049,0.3060516539488976,0.5523989514614975,], pi=[0.9185621015993147,0.08143481850992654,3.0798907587234026E-6,], numStates=3b=[[p=:0.0 :0.08907118278068756 :0.9109288172193124 ], [p=:0.0 :0.11100569053319537 :0.8889943094668047 ], [p=:0.0 :0.6084813848395113 :0.3915186151604887 ]]]
HMM [a=[0.6167055520578651,0.2490968657236878,0.134197582218447,0.3826282601900393,0.5173885191603462,0.09998322064961443,0.1438357453232112,0.3131031242922529,0.5430611303845359,], pi=[0.9196348391679826,0.08036420195089936,9.588811180593715E-7,], numStates=3b=[[p=:0.0 :0.08882623984517136 :0.9111737601548286 ], [p=:0.0 :0.10821618238432759 :0.8917838176156724 ], [p=:0.0 :0.6326539038165596 :0.3673460961834404 ]]]
HMM [a=[0.6172558815426932,0.2492707610917135,0.1334733573655933,0.3852500569606712,0.520525030564656,0.09422491247467275,0.1457012151423788,0.3205107680863136,0.5337880167713076,], pi=[0.9201422382890015,0.07985748591345376,2.7579754471177E-7,], numStates=3b=[[p=:0.0 :0.08871604304589578 :0.9112839569541042 ], [p=:0.0 :0.10570039397365731 :0.8942996060263427 ], [p=:0.0 :0.6572839791089968 :0.3427160208910031 ]]]
HMM [a=[0.6178573978717166,0.2493319981454682,0.1328106039828153,0.3878625011781256,0.5236391759037226,0.08849832291815192,0.1469911696904723,0.3281591745790638,0.5248496557304639,], pi=[0.9200776655501576,0.07992226151703156,7.293281084049927E-8,], numStates=3b=[[p=:0.0 :0.0886909683141329 :0.9113090316858671 ], [p=:0.0 :0.10341339861388496 :0.896586601386115 ], [p=:0.0 :0.6822314866598741 :0.3177685133401259 ]]]
HMM [a=[0.6185156681593978,0.2492668418695978,0.1322174899710043,0.3904672737751171,0.5267060819231311,0.08282664430175181,0.147575957502393,0.3359785789624214,0.5164454635351856,], pi=[0.9194244915206772,0.08057549084323638,1.7636086401866822E-8,], numStates=3b=[[p=:0.0 :0.08872156973512568 :0.9112784302648743 ], [p=:0.0 :0.10132729218555778 :0.8986727078144422 ], [p=:0.0 :0.7073003071664161 :0.2926996928335838 ]]]
HMM [a=[0.6192292363999305,0.2490603788989718,0.1317103847010976,0.3930634625267862,0.5297015884617327,0.07723494901148122,0.1473531564493489,0.3439389532066066,0.5087078903440445,], pi=[0.9181558277045887,0.08184416841876622,3.876645105824775E-9,], numStates=3b=[[p=:0.0 :0.08879147118793752 :0.9112085288120625 ], [p=:0.0 :0.09942465012124083 :0.9005753498787592 ], [p=:0.0 :0.7322552860853571 :0.2677447139146429 ]]]
HMM [a=[0.6199916448600784,0.248696486817494,0.1313118683224276,0.3956483058626592,0.5326023995709042,0.07174929456643668,0.1462489862705152,0.3520416794805314,0.5017093342489534,], pi=[0.9162338565468487,0.08376614268338957,7.697616498022905E-10,], numStates=3b=[[p=:0.0 :0.08889134851515058 :0.9111086514848494 ], [p=:0.0 :0.09769286849348645 :0.9023071315065135 ], [p=:0.0 :0.7568391469332344 :0.24316085306676563 ]]]
HMM [a=[0.6207928691701478,0.2481580354939325,0.1310490953359198,0.3982177620031953,0.5353866165664559,0.06639562143034874,0.1442190589045364,0.360310089777519,0.4954708513179446,], pi=[0.9136088502703505,0.0863911495924755,1.3717392018576555E-10,], numStates=3b=[[p=:0.0 :0.0890141794975639 :0.9109858205024361 ], [p=:0.0 :0.09611971342044454 :0.9038802865795554 ], [p=:0.0 :0.780788579272131 :0.2192114207278691 ]]]
HMM [a=[0.6216202855104138,0.2474271581445648,0.1309525563450214,0.4007669337381895,0.5380343724838598,0.06119869377795065,0.1412485598205688,0.3687801144527254,0.4899713257267058,], pi=[0.9102179124976345,0.08978208748057244,2.1793023619680514E-11,], numStates=3b=[[p=:0.0 :0.08915175050088957 :0.9108482494991105 ], [p=:0.0 :0.09469013022010209 :0.9053098697798979 ], [p=:0.0 :0.8038490444336982 :0.19615095556630183 ]]]
HMM [a=[0.6224592946727892,0.246485461280994,0.1310552440462168,0.4032904267346858,0.5405283489060646,0.0561812243592497,0.1373518439239653,0.3774921020627208,0.4851560540133138,], pi=[0.9059834485438784,0.09401655145305542,3.0662288979191215E-12,], numStates=3b=[[p=:0.0 :0.08929230515685828 :0.9107076948431417 ], [p=:0.0 :0.09338422216270058 :0.9066157778372994 ], [p=:0.0 :0.8257879460027132 :0.1742120539972868 ]]]
HMM [a=[0.623293703871816,0.2453140801323419,0.1313922159958421,0.4057827304718396,0.5428540342693494,0.05136323525881104,0.1325713113625489,0.3864845333935442,0.4809441552439069,], pi=[0.9008113625152463,0.09918863748437412,3.795634282968032E-13,], numStates=3b=[[p=:0.0 :0.08941916022609965 :0.9105808397739004 ], [p=:0.0 :0.0921762291945392 :0.9078237708054608 ], [p=:0.0 :0.8464057724292335 :0.15359422757076646 ]]]
HMM [a=[0.6241059340544499,0.2438935255871589,0.1320005403583912,0.4082386947276525,0.5449996628396964,0.04676164243265113,0.1269753648703874,0.3957899396747503,0.4772346954548624,], pi=[0.8945889849919401,0.10541101500801889,4.107658442588274E-14,], numStates=3b=[[p=:0.0 :0.08951008166949204 :0.910489918330508 ], [p=:0.0 :0.09103429337645402 :0.9089657066235459 ], [p=:0.0 :0.8655447401701335 :0.13445525982986645 ]]]
HMM [a=[0.62487708748181,0.2422033048138407,0.1329196077043493,0.410654140250772,0.5469558404769687,0.04239001927225935,0.1206552902498453,0.4054329578047419,0.4739117519454128,], pi=[0.8871827536136803,0.11281724638631582,3.862792471360552E-15,], numStates=3b=[[p=:0.0 :0.0895372041845163 :0.9104627958154837 ], [p=:0.0 :0.08992078187533904 :0.910079218124661 ], [p=:0.0 :0.8830944576031678 :0.11690554239683217 ]]]
HMM [a=[0.6255868826046065,0.240221326125849,0.1341917912695445,0.4130266020927647,0.5487149073570554,0.03825849055017991,0.1137210445344449,0.4154301833109889,0.4708487721545661,], pi=[0.8784357045407989,0.12156429545920076,3.1386561509675523E-16,], numStates=3b=[[p=:0.0 :0.08946728474378421 :0.9105327152562158 ], [p=:0.0 :0.08879294512285235 :0.9112070548771476 ], [p=:0.0 :0.8989942637222973 :0.10100573627770272 ]]]
HMM [a=[0.6262134437507612,0.2379231180444592,0.1358634382047796,0.4153561704342078,0.5502701073223966,0.03437372224339556,0.1062961331923533,0.4257913273099455,0.4679125394977012,], pi=[0.8681648933104019,0.13183510668959803,2.1921497706739772E-17,], numStates=3b=[[p=:0.0 :0.08926209907976437 :0.9107379009202357 ], [p=:0.0 :0.08760371114872785 :0.9123962888512721 ], [p=:0.0 :0.9132321735995249 :0.08676782640047515 ]]]
HMM [a=[0.6267329230858223,0.235280905150454,0.1379861717637236,0.4176463747345837,0.5516146336185657,0.03073899164685062,0.09851193934352889,0.4365211211048384,0.4649669395516327,], pi=[0.8561589599293641,0.1438410400706359,1.3100123765640299E-18,], numStates=3b=[[p=:0.0 :0.08887881566857628 :0.9111211843314238 ], [p=:0.0 :0.08630245203404019 :0.9136975479659598 ], [p=:0.0 :0.9258407217516179 :0.07415927824838209 ]]]
HMM [a=[0.6271189317352694,0.2322625947959227,0.1406184734688079,0.4199050536292643,0.552740610520595,0.02735433585014068,0.09050197782451953,0.4476214034796352,0.4618766186958453,], pi=[0.8421761989616268,0.1578238010383733,6.671580126065201E-20,], numStates=3b=[[p=:0.0 :0.08827021463453211 :0.9117297853654679 ], [p=:0.0 :0.08483560330606722 :0.9151643966939328 ], [p=:0.0 :0.93689033812761 :0.06310966187238999 ]]]
HMM [a=[0.6273417666693021,0.2288307479915422,0.1438274853391557,0.4221451583612232,0.5536380605540537,0.02421678108472309,0.08239656017692253,0.4590928367150822,0.4585106031079953,], pi=[0.825943706836974,0.17405629316302595,2.8859914194160856E-21,], numStates=3b=[[p=:0.0 :0.08738466316796965 :0.9126153368320303 ], [p=:0.0 :0.0831470743325826 :0.9168529256674174 ], [p=:0.0 :0.9464811297939266 :0.05351887020607338 ]]]
HMM [a=[0.627367444448751,0.2249416479833416,0.1476909075679074,0.424385437844223,0.5542939098830033,0.02132065227277371,0.07431828169407947,0.4709356989380225,0.454746019367898,], pi=[0.8071584709418691,0.19284152905813084,1.0576552440111546E-22,], numStates=3b=[[p=:0.0 :0.08616582217641723 :0.9138341778235828 ], [p=:0.0 :0.0811784635254097 :0.9188215364745903 ], [p=:0.0 :0.9547340230882745 :0.04526597691172553 ]]]
